// -------
#Groups
// -------

$Group:	"e3_district_$Entrance"
$Group:	"e3_district_$Bigroom"
$Group:	"e3_district_$Up[stairs"
$Group:	"e3_district_$Downstairs"
$Group:	"e3_district_$Backrooms"
$Group:	"e3_district_$backhallway"
$Group:	"e3_district_bedroom_behind"
$Group:	"e3_district_bedroom_BJ"
$Group:	"e3_district_bedroom_girls"
$Group:	"e3_district_bedroom_sleep"
$Group:	"e3_district_flee_strippers"
$Group:	"e3_district_$BrothelCar"

// -------
#Navpoints
// -------

$Navpoint:	"e3_district_$nav001"
$Type:		"ground"
$Pos:			<83.325249 15.954671 -341.735046>
$Orient:		[-2.199112]
+Chunk:		"e3_chunk02"

$Navpoint:	"e3_district_$nav002"
$Type:		"ground"
$Pos:			<-77.050392 22.208420 69.877419>
$Orient:		[1.099557]
+Chunk:		"e3_chunk02"

$Navpoint:	"e3_district_$spawn_npc000"
$Type:		"ground"
$Pos:			<-62.838638 13.565104 -158.731720>
$Orient:		[I]
+Chunk:		"e3_chunk02"

$Navpoint:	"e3_district_$start"
$Type:		"ground"
$Pos:			<-59.715603 3.464798 -315.722137>
$Orient:		[-2.862341]
+Chunk:		"e3_chunk02"

$Navpoint:	"e3_district_$stronghold000"
$Type:		"ground"
$Pos:			<32.879345 27.624100 27.497702>
$Orient:		[I]
+Chunk:		"e3_chunk02"

$Navpoint:	"e3_district_$stronghold001"
$Type:		"ground"
$Pos:			<60.478004 27.434500 29.765785>
$Orient:		[0.837758]
+Chunk:		"e3_chunk02"

$Navpoint:	"e3_district_$stronghold003"
$Type:		"ground"
$Pos:			<29.249781 32.456150 24.297626>
$Orient:		[0.837758]
+Chunk:		"e3_chunk02"

$Navpoint:	"e3_district_$nav004"
$Type:		"ground"
$Pos:			<57.525532 27.624100 28.073801>
$Orient:		[0.907571]
+Chunk:		"e3_chunk02"

$Navpoint:	"e3_district_$nav005"
$Type:		"ground"
$Pos:			<40.394779 27.468401 28.895325>
$Orient:		[I]
+Chunk:		"e3_chunk02"

$Navpoint:	"e3_district_$nav006"
$Type:		"ground"
$Pos:			<25.399509 31.624100 29.618040>
$Orient:		[1.012291]
+Chunk:		"e3_chunk02"

$Navpoint:	"e3_district_$nav007"
$Type:		"ground"
$Pos:			<31.681301 27.624098 37.609364>
$Orient:		[1.535891]
+Chunk:		"e3_chunk02"

$Navpoint:	"e3_district_$nav008"
$Type:		"ground"
$Pos:			<30.790154 32.624100 25.180664>
$Orient:		[0.733038]
+Chunk:		"e3_chunk02"

$Navpoint:	"e3_district_$nav009"
$Type:		"ground"
$Pos:			<46.409565 32.624298 23.268187>
$Orient:		[-0.872664]
+Chunk:		"e3_chunk02"

$Navpoint:	"e3_district_$nav010"
$Type:		"ground"
$Pos:			<20.480541 27.560186 33.053169>
$Orient:		[1.570796]
+Chunk:		"e3_chunk02"

$Navpoint:	"e3_district_$execute lua script000"
$Type:		"ground"
$Pos:			<54.382980 27.560535 40.985687>
$Orient:		[-0.767945]
+Chunk:		"e3_chunk02"

$Navpoint:	"e3_district_$execute lua script001"
$Type:		"ground"
$Pos:			<53.868168 27.560417 41.295605>
$Orient:		[-0.767945]
+Chunk:		"e3_chunk02"

$Navpoint:	"e3_district_$test"
$Type:		"ground"
$Pos:			<30.305862 22.102768 -79.725677>
$Orient:		[I]
+Chunk:		"e3_chunk02"

$Navpoint:	"e3_district_$stronghold002"
$Type:		"ground"
$Pos:			<42.895432 32.434700 16.128746>
$Orient:		[2.408555]
+Chunk:		"e3_chunk02"

$Navpoint:	"e3_district_$vehicle000"
$Type:		"ground"
$Pos:			<130.768875 24.737120 -75.922562>
$Orient:		[-2.059487]
+Chunk:		"e3_chunk02"

$Navpoint:	"e3_district_$ambient000"
$Type:		"floating"
$Pos:			<-91.632774 27.581503 -222.263794>
$Orient:		[0.261800]
+Chunk:		"e3_chunk02"

$Navpoint:	"e3_district_$ambient001"
$Type:		"floating"
$Pos:			<-49.283417 0.697150 -201.951492>
$Orient:		[I]
+Chunk:		"e3_chunk02"

$Navpoint:	"e3_district_$ambient002"
$Type:		"floating"
$Pos:			<-177.490784 -3.023971 -238.262604>
$Orient:		[-0.663225]
+Chunk:		"e3_chunk02"

$Navpoint:	"e3_district_$ambient003"
$Type:		"floating"
$Pos:			<11 43 -143>
$Orient:		[0.733038]
+Chunk:		"e3_chunk02"

$Navpoint:	"e3_district_$ambient004"
$Type:		"floating"
$Pos:			<-302.240265 23.227001 -48.149910>
$Orient:		[I]
+Chunk:		"e3_chunk02"

$Navpoint:	"e3_district_$ambient005"
$Type:		"floating"
$Pos:			<-307.142792 -0.202183 -118.671959>
$Orient:		[I]
+Chunk:		"e3_chunk02"

$Navpoint:	"e3_district_$ambient006"
$Type:		"floating"
$Pos:			<-276.214600 28.227371 -55.273167>
$Orient:		[I]
+Chunk:		"e3_chunk02"

$Navpoint:	"e3_district_$ambient007"
$Type:		"floating"
$Pos:			<-156 41 121>
$Orient:		[1.274091]
+Chunk:		"e3_chunk02"

$Navpoint:	"e3_district_$ambient008"
$Type:		"floating"
$Pos:			<-310.656067 25.936857 -37.877590>
$Orient:		[I]
+Chunk:		"e3_chunk02"

$Navpoint:	"e3_district_$ambient009"
$Type:		"floating"
$Pos:			<-9.933285 0.206103 -423.066528>
$Orient:		[0.767945]
+Chunk:		"e3_chunk02"

$Navpoint:	"e3_district_$ambient011"
$Type:		"floating"
$Pos:			<109.478920 29.330351 -224.074127>
$Orient:		[I]
+Chunk:		"e3_chunk02"

$Navpoint:	"e3_district_$ambient012"
$Type:		"floating"
$Pos:			<148.289490 81.999817 -110.391068>
$Orient:		[I]
+Chunk:		"e3_chunk02"

$Navpoint:	"e3_district_$ambient013"
$Type:		"floating"
$Pos:			<-61.983032 -2.078348 -443.090790>
$Orient:		[0.575959]
+Chunk:		"e3_chunk02"

$Navpoint:	"e3_district_$ambient015"
$Type:		"floating"
$Pos:			<65.208412 27.648149 -299.686768>
$Orient:		[I]
+Chunk:		"e3_chunk02"

$Navpoint:	"e3_district_$ambient016"
$Type:		"floating"
$Pos:			<138.983505 48.337891 107.466751>
$Orient:		[I]
+Chunk:		"e3_chunk02"

$Navpoint:	"e3_district_$ambient017"
$Type:		"floating"
$Pos:			<62.075462 44.247726 -43.359032>
$Orient:		[I]
+Chunk:		"e3_chunk02"

$Navpoint:	"e3_district_$ambient018"
$Type:		"floating"
$Pos:			<-350.887238 4.710976 -251.473343>
$Orient:		[I]
+Chunk:		"e3_chunk02"

$Navpoint:	"e3_district_$ambient022"
$Type:		"floating"
$Pos:			<-260.423187 5.492272 -100.892937>
$Orient:		[0.488692]

$Navpoint:	"e3_district_$ambient023"
$Type:		"floating"
$Pos:			<220.948181 47.587326 117.764870>
$Orient:		[I]
+Chunk:		"e3_chunk02"

$Navpoint:	"e3_district_$ambient024"
$Type:		"floating"
$Pos:			<198.062271 49.476788 79.447105>
$Orient:		[I]
+Chunk:		"e3_chunk02"

$Navpoint:	"e3_district_$ambient025"
$Type:		"floating"
$Pos:			<177.168671 62.012119 163.072052>
$Orient:		[I]
+Chunk:		"e3_chunk02"

$Navpoint:	"e3_district_$ambient029"
$Type:		"floating"
$Pos:			<232.465530 56.082268 72.173042>
$Orient:		[I]
+Chunk:		"e3_chunk02"

$Navpoint:	"e3_district_$ambient030"
$Type:		"floating"
$Pos:			<-89.299988 17.600344 -220.675583>
$Orient:		[2.460920]
+Chunk:		"e3_chunk02"

$Navpoint:	"e3_district_$ambient031"
$Type:		"floating"
$Pos:			<-85.627785 17.773754 -219.689865>
$Orient:		[-0.069813]
+Chunk:		"e3_chunk02"

$Navpoint:	"e3_district_$ambient032"
$Type:		"floating"
$Pos:			<-153.580811 16.025137 -149.347702>
$Orient:		[-0.593412]
+Chunk:		"e3_chunk02"

$Navpoint:	"e3_district_$ambient033"
$Type:		"floating"
$Pos:			<41.278923 31.891716 -160.040649>
$Orient:		[-0.680679]
+Chunk:		"e3_chunk02"

$Navpoint:	"e3_district_$ambient034"
$Type:		"floating"
$Pos:			<40.247326 37.320698 27.418781>
$Orient:		[0.767945]
+Chunk:		"e3_chunk02"

$Navpoint:	"e3_district_$ambient035"
$Type:		"ground"
$Pos:			<-8.859320 11.513100 -301.398407>
$Orient:		[-0.733038]
+Chunk:		"e3_chunk02"

$Navpoint:	"e3_district_$ambient036"
$Type:		"floating"
$Pos:			<143.064163 33.916969 -305.812653>
$Orient:		[-1.047197]
+Chunk:		"e3_chunk02"

$Navpoint:	"e3_district_$ambient039"
$Type:		"floating"
$Pos:			<-247.407639 30.867825 112.777122>
$Orient:		[0.034907]
+Chunk:		"e3_chunk02"

$Navpoint:	"e3_district_$ambient040"
$Type:		"floating"
$Pos:			<42.311192 25.286661 -158.733887>
$Orient:		[-0.698132]
+Chunk:		"e3_chunk02"

$Navpoint:	"e3_district_$ambient043"
$Type:		"floating"
$Pos:			<-236.816666 51.965641 147.881485>
$Orient:		[I]
+Chunk:		"e3_chunk02"

$Navpoint:	"e3_district_$ambient047"
$Type:		"floating"
$Pos:			<62.911972 29.374514 31.207996>
$Orient:		[0.855211]
+Chunk:		"e3_chunk02"

$Navpoint:	"e3_district_$ambient048"
$Type:		"floating"
$Pos:			<-222.210022 27.204636 -148.702255>
$Orient:		[I]
+Chunk:		"e3_chunk02"

$Navpoint:	"e3_district_$ambient049"
$Type:		"floating"
$Pos:			<-191.112518 26.124866 -190.775558>
$Orient:		[-0.069813]
+Chunk:		"e3_chunk02"

$Navpoint:	"e3_district_$ambient052"
$Type:		"floating"
$Pos:			<-264.288300 24.646612 82.408455>
$Orient:		[I]
+Chunk:		"e3_chunk02"

$Navpoint:	"e3_district_$ambient053"
$Type:		"floating"
$Pos:			<-260.743835 25.245163 44.594837>
$Orient:		[I]
+Chunk:		"e3_chunk02"

$Navpoint:	"e3_district_$ambient042"
$Type:		"floating"
$Pos:			<-430.742126 20.508486 54.799301>
$Orient:		[-0.052360]
+Chunk:		"e3_chunk02"

$Navpoint:	"e3_district_$ambient044"
$Type:		"floating"
$Pos:			<233.211685 44.050327 -77.110970>
$Orient:		[I]
+Chunk:		"e3_chunk02"

$Navpoint:	"e3_district_$ambient067"
$Type:		"floating"
$Pos:			<216.164520 48.753162 -29.915352>
$Orient:		[-1.274091]
+Chunk:		"e3_chunk02"

$Navpoint:	"e3_district_$ambient010"
$Type:		"ground"
$Pos:			<-264.112488 17.002464 40.545509>
$Orient:		[I]
+Chunk:		"e3_chunk02"

$Navpoint:	"e3_district_$ambient014"
$Type:		"floating"
$Pos:			<-156 42 121>
$Orient:		[I]
+Chunk:		"e3_chunk02"

$Navpoint:	"e3_district_$ambient019"
$Type:		"floating"
$Pos:			<-156 43 121>
$Orient:		[I]
+Chunk:		"e3_chunk02"

$Navpoint:	"e3_district_$ambient020"
$Type:		"ground"
$Pos:			<-310.183655 14.626945 15.051520>
$Orient:		[-1.221730]
+Chunk:		"e3_chunk02"

$Navpoint:	"e3_district_$ambient021"
$Type:		"floating"
$Pos:			<11 42 -143>
$Orient:		[I]
+Chunk:		"e3_chunk02"

$Navpoint:	"e3_district_$ambient026"
$Type:		"floating"
$Pos:			<11 41 -143>
$Orient:		[I]
+Chunk:		"e3_chunk02"

$Navpoint:	"e3_district_$ambient027"
$Type:		"floating"
$Pos:			<-320.880707 21.759741 20.829346>
$Orient:		[I]
+Chunk:		"e3_chunk02"

$Navpoint:	"e3_district_$ambient028"
$Type:		"floating"
$Pos:			<-284.124146 21.667645 4.726046>
$Orient:		[I]
+Chunk:		"e3_chunk02"

$Navpoint:	"e3_district_$ambient037"
$Type:		"floating"
$Pos:			<-259.179199 24.273275 6.732254>
$Orient:		[I]
+Chunk:		"e3_chunk02"

$Navpoint:	"e3_district_$ambient038"
$Type:		"floating"
$Pos:			<-47.338840 0.698401 -198.183395>
$Orient:		[-0.715585]
+Chunk:		"e3_chunk02"

$Navpoint:	"e3_district_$ambient041"
$Type:		"floating"
$Pos:			<-30.347799 44.817211 54.521877>
$Orient:		[I]
+Chunk:		"e3_chunk02"

$Navpoint:	"e3_district_$ambient045"
$Type:		"floating"
$Pos:			<240.384964 45.607796 22.230570>
$Orient:		[I]
+Chunk:		"e3_chunk02"

$Navpoint:	"e3_district_$ambient046"
$Type:		"floating"
$Pos:			<252.079208 26.762970 -140.632996>
$Orient:		[0.157080]
+Chunk:		"e3_chunk02"

$Navpoint:	"e3_district_$ambient050"
$Type:		"floating"
$Pos:			<-163.144836 27.889448 -227.690628>
$Orient:		[I]
+Chunk:		"e3_chunk02"

$Navpoint:	"e3_district_$ambient051"
$Type:		"floating"
$Pos:			<-88.130737 16.969347 -226.963409>
$Orient:		[-0.663225]
+Chunk:		"e3_chunk02"

$Navpoint:	"e3_district_$ambient060"
$Type:		"floating"
$Pos:			<39.147964 34.812176 27.558443>
$Orient:		[-0.733038]
+Chunk:		"e3_chunk02"

$Navpoint:	"e3_district_$ambient061"
$Type:		"floating"
$Pos:			<52.836853 34.409996 14.099960>
$Orient:		[-0.767945]
+Chunk:		"e3_chunk02"

$Navpoint:	"e3_district_$ambient062"
$Type:		"floating"
$Pos:			<45.574951 34.881439 5.404107>
$Orient:		[-0.750492]
+Chunk:		"e3_chunk02"

$Navpoint:	"e3_district_$ambient063"
$Type:		"floating"
$Pos:			<15.986192 34.871082 37.164455>
$Orient:		[-0.750492]
+Chunk:		"e3_chunk02"

$Navpoint:	"e3_district_$ambient064"
$Type:		"floating"
$Pos:			<28.233122 34.658516 50.177841>
$Orient:		[I]
+Chunk:		"e3_chunk02"

$Navpoint:	"e3_district_$respawn000"
$Type:		"ground"
$Pos:			<-132.869110 13.755502 -234.504837>
$Orient:		[2.094399]
+Chunk:		"e3_chunk02"

$Navpoint:	"e3_district_$parking000"
$Type:		"ground"
$Pos:			<-59.486893 13.593201 -239.636398>
$Orient:		[<-0.582514 0 0.812820> <0.000177 1 0.000127> <-0.812820 0.000218 -0.582514>]
+Chunk:		"e3_chunk02"

$Navpoint:	"e3_district_$parking001"
$Type:		"ground"
$Pos:			<-33.985458 13.587538 -250.692261>
$Orient:		[<-0.641754 0 0.766911> <0.000619 1 0.000518> <-0.766911 0.000807 -0.641753>]
+Chunk:		"e3_chunk02"

$Navpoint:	"e3_district_$parking002"
$Type:		"ground"
$Pos:			<-38.760193 13.588781 -243.685532>
$Orient:		[<-0.641204 0 0.767371> <0.000400 1 0.000334> <-0.767371 0.000521 -0.641204>]
+Chunk:		"e3_chunk02"

$Navpoint:	"e3_district_$ambient065"
$Type:		"floating"
$Pos:			<39.303238 29.744165 25.559813>
$Orient:		[-0.767945]
+Chunk:		"e3_chunk02"

$Navpoint:	"e3_district_$n_000"
$Type:		"ground"
$Pos:			<-96.334831 13.876553 -130.607971>
$Orient:		[1.605704]
+Chunk:		"e3_chunk02"

$Navpoint:	"e3_district_$n_001"
$Type:		"ground"
$Pos:			<-94.642723 13.882880 -130.594299>
$Orient:		[-1.466077]
+Chunk:		"e3_chunk02"

$Navpoint:	"e3_district_brothel_juror00"
$Type:		"ground"
$Pos:			<16.584993 32.434700 41.600338>
$Orient:		[-0.680675]
+Chunk:		"e3_chunk02"

$Navpoint:	"e3_district_brothel_juror01"
$Type:		"ground"
$Pos:			<28.522461 32.456108 51.735668>
$Orient:		[-2.321284]
+Chunk:		"e3_chunk02"

$Navpoint:	"e3_district_brothel_juror02"
$Type:		"ground"
$Pos:			<46.381817 32.434700 -0.789572>
$Orient:		[0.715586]
+Chunk:		"e3_chunk02"

$Navpoint:	"e3_district_brothel_juror03"
$Type:		"ground"
$Pos:			<61.743450 32.434700 11.401012>
$Orient:		[-0.733030]
+Chunk:		"e3_chunk02"

$Navpoint:	"e3_district_$nav011"
$Type:		"ground"
$Pos:			<65.164101 32.434700 27.806675>
$Orient:		[-0.837758]
+Chunk:		"e3_chunk02"

$Navpoint:	"e3_district_$nav012"
$Type:		"ground"
$Pos:			<64.679321 32.434700 29.728212>
$Orient:		[-1.884955]
+Chunk:		"e3_chunk02"

$Navpoint:	"e3_district_$stronghold004"
$Type:		"ground"
$Pos:			<35.198627 27.559914 30.073427>
$Orient:		[0.837758]
+Chunk:		"e3_chunk02"

$Navpoint:	"e3_district_$nav013"
$Type:		"ground"
$Pos:			<29.386932 27.559561 16.771265>
$Orient:		[-0.104719]
+Chunk:		"e3_chunk02"

$Navpoint:	"e3_district_$nav014"
$Type:		"ground"
$Pos:			<30.631897 27.627224 15.275451>
$Orient:		[-0.767945]
+Chunk:		"e3_chunk02"

$Navpoint:	"e3_district_$nav015"
$Type:		"ground"
$Pos:			<44.592010 27.425980 49.211067>
$Orient:		[I]
+Chunk:		"e3_chunk02"

$Navpoint:	"e3_district_$nav016"
$Type:		"ground"
$Pos:			<45.528858 27.426823 50.719818>
$Orient:		[-2.094395]
+Chunk:		"e3_chunk02"

$Navpoint:	"e3_district_$nav017"
$Type:		"ground"
$Pos:			<43.709686 27.425728 51.152340>
$Orient:		[2.234024]
+Chunk:		"e3_chunk02"

$Navpoint:	"e3_district_$nav018"
$Type:		"ground"
$Pos:			<40.056835 27.644100 34.262070>
$Orient:		[3.036875]
+Chunk:		"e3_chunk02"

$Navpoint:	"e3_district_$nav019"
$Type:		"ground"
$Pos:			<43.738613 27.644100 36.562740>
$Orient:		[-2.548178]
+Chunk:		"e3_chunk02"

$Navpoint:	"e3_district_$n_002"
$Type:		"ground"
$Pos:			<58.811604 32.434700 9.189739>
$Orient:		[-0.733037]
+Chunk:		"e3_chunk02"

$Navpoint:	"e3_district_$n_003"
$Type:		"ground"
$Pos:			<46.740051 32.434700 -0.401123>
$Orient:		[-2.373648]
+Chunk:		"e3_chunk02"

$Navpoint:	"e3_district_$n_004"
$Type:		"ground"
$Pos:			<16.729597 32.434700 42.312134>
$Orient:		[-0.680679]
+Chunk:		"e3_chunk02"

$Navpoint:	"e3_district_$n_005"
$Type:		"ground"
$Pos:			<28.118168 32.456123 51.304214>
$Orient:		[0.925025]
+Chunk:		"e3_chunk02"

$Navpoint:	"e3_district_$clothing store000"
$Type:		"ground"
$Pos:			<-74.719833 22.208500 70.805130>
$Orient:		[I]
+Chunk:		"e3_chunk02"

$Navpoint:	"e3_district_$n_006"
$Type:		"ground"
$Pos:			<-81.768646 13.755501 -265.981476>
$Orient:		[-2.199115]
+Chunk:		"e3_chunk02"

$Navpoint:	"e3_district_$n_007"
$Type:		"ground"
$Pos:			<-191.744644 14.035439 -159.433167>
$Orient:		[-0.488692]
+Chunk:		"e3_chunk02"

$Navpoint:	"e3_district_$n_008"
$Type:		"ground"
$Pos:			<-192.574799 14.035473 -158.017151>
$Orient:		[2.583089]
+Chunk:		"e3_chunk02"

$Navpoint:	"e3_district_$n_009"
$Type:		"ground"
$Pos:			<-88.260574 13.726686 -187.401260>
$Orient:		[I]
+Chunk:		"e3_chunk02"

$Navpoint:	"e3_district_$n_010"
$Type:		"ground"
$Pos:			<-88.203667 13.727134 -185.899124>
$Orient:		[-3.141591]
+Chunk:		"e3_chunk02"

$Navpoint:	"e3_district_$n_011"
$Type:		"ground"
$Pos:			<-55.929333 13.746269 -251.939575>
$Orient:		[0.837758]
+Chunk:		"e3_chunk02"

$Navpoint:	"e3_district_$n_012"
$Type:		"ground"
$Pos:			<25.527470 7.409431 -315.482239>
$Orient:		[1.082104]
+Chunk:		"e3_chunk02"

$Navpoint:	"e3_district_$n_013"
$Type:		"ground"
$Pos:			<-123.251778 3.669168 -188.280548>
$Orient:		[-0.209440]
+Chunk:		"e3_chunk02"

$Navpoint:	"e3_district_$n_014"
$Type:		"ground"
$Pos:			<-124.380074 3.672221 -185.558075>
$Orient:		[2.338742]
+Chunk:		"e3_chunk02"

$Navpoint:	"e3_district_$n_015"
$Type:		"ground"
$Pos:			<-122.593117 3.672164 -185.168671>
$Orient:		[-2.513274]
+Chunk:		"e3_chunk02"

$Navpoint:	"e3_district_$n_016"
$Type:		"ground"
$Pos:			<-6.032204 17.527494 -172.876617>
$Orient:		[2.443462]
+Chunk:		"e3_chunk02"

$Navpoint:	"e3_district_$n_017"
$Type:		"ground"
$Pos:			<-5.451664 17.527458 -175.447296>
$Orient:		[0.837758]
+Chunk:		"e3_chunk02"

$Navpoint:	"e3_district_$n_018"
$Type:		"ground"
$Pos:			<-3.813028 17.526218 -174.214828>
$Orient:		[-2.234022]
+Chunk:		"e3_chunk02"

$Navpoint:	"e3_district_$n_019"
$Type:		"ground"
$Pos:			<56.639297 9.473480 -374.874176>
$Orient:		[2.234023]
+Chunk:		"e3_chunk02"

$Navpoint:	"e3_district_$n_020"
$Type:		"ground"
$Pos:			<58.490589 9.530365 -375.171448>
$Orient:		[-2.199114]
+Chunk:		"e3_chunk02"

$Navpoint:	"e3_district_$n_021"
$Type:		"ground"
$Pos:			<57.293106 9.384575 -376.725006>
$Orient:		[0.174533]
+Chunk:		"e3_chunk02"

$Navpoint:	"e3_district_$n_022"
$Type:		"ground"
$Pos:			<71.811508 16.855471 -304.232239>
$Orient:		[-0.069813]
+Chunk:		"e3_chunk02"

$Navpoint:	"e3_district_$n_023"
$Type:		"ground"
$Pos:			<71.740089 16.859417 -302.026733>
$Orient:		[3.036875]
+Chunk:		"e3_chunk02"

$Navpoint:	"e3_district_$n_024"
$Type:		"ground"
$Pos:			<54.468544 17.763582 -199.213654>
$Orient:		[-2.897246]
+Chunk:		"e3_chunk02"

$Navpoint:	"e3_district_$n_025"
$Type:		"ground"
$Pos:			<138.983719 21.693876 -147.836533>
$Orient:		[1.117011]
+Chunk:		"e3_chunk02"

$Navpoint:	"e3_district_$n_026"
$Type:		"ground"
$Pos:			<140.571655 21.722021 -146.744843>
$Orient:		[-2.338740]
+Chunk:		"e3_chunk02"

$Navpoint:	"e3_district_$n_027"
$Type:		"ground"
$Pos:			<95.880127 24.561895 -93.971313>
$Orient:		[1.291544]
+Chunk:		"e3_chunk02"

$Navpoint:	"e3_district_$n_028"
$Type:		"ground"
$Pos:			<96.874161 24.561890 -95.024986>
$Orient:		[0.418879]
+Chunk:		"e3_chunk02"

$Navpoint:	"e3_district_$n_029"
$Type:		"ground"
$Pos:			<-60.751812 23.889410 24.398405>
$Orient:		[-1.919862]
+Chunk:		"e3_chunk02"

$Navpoint:	"e3_district_$n_030"
$Type:		"ground"
$Pos:			<-61.587112 23.716740 22.799278>
$Orient:		[-0.209440]
+Chunk:		"e3_chunk02"

$Navpoint:	"e3_district_$n_031"
$Type:		"ground"
$Pos:			<-62.659576 23.866859 24.593130>
$Orient:		[2.199116]
+Chunk:		"e3_chunk02"

$Navpoint:	"e3_district_$n_032"
$Type:		"ground"
$Pos:			<-127.509247 13.830147 -68.284798>
$Orient:		[-1.186824]
+Chunk:		"e3_chunk02"

$Navpoint:	"e3_district_$n_033"
$Type:		"ground"
$Pos:			<-129.849472 13.872640 -69.426559>
$Orient:		[0.418879]
+Chunk:		"e3_chunk02"

$Navpoint:	"e3_district_$n_034"
$Type:		"ground"
$Pos:			<-129.537811 13.774097 -67.031273>
$Orient:		[3.001967]
+Chunk:		"e3_chunk02"

$Navpoint:	"e3_district_$n_035"
$Type:		"ground"
$Pos:			<66.526291 24.560257 -103.323105>
$Orient:		[-2.094394]
+Chunk:		"e3_chunk02"

$Navpoint:	"e3_district_$execute lua script002"
$Type:		"ground"
$Pos:			<-76.984726 22.208500 77.170921>
$Orient:		[0.349066]
+Chunk:		"e3_chunk02"

$Navpoint:	"e3_district_$ambient066"
$Type:		"floating"
$Pos:			<-71.290466 28.161619 70.345848>
$Orient:		[-0.453786]
+Chunk:		"e3_chunk02"

$Navpoint:	"e3_district_$ambient068"
$Type:		"floating"
$Pos:			<-70.517746 27.529844 69.659996>
$Orient:		[-0.453786]
+Chunk:		"e3_chunk02"

$Navpoint:	"e3_district_$ambient069"
$Type:		"floating"
$Pos:			<-66.010277 23.448023 65.177605>
$Orient:		[I]
+Chunk:		"e3_chunk02"

$Navpoint:	"e3_district_$ambient070"
$Type:		"floating"
$Pos:			<-127.705780 24.842850 -22.233711>
$Orient:		[-0.558506]
+Chunk:		"e3_chunk02"

$Navpoint:	"e3_district_$ambient071"
$Type:		"floating"
$Pos:			<-48.370136 24.810730 -33.605537>
$Orient:		[-0.558505]
+Chunk:		"e3_chunk02"

$Navpoint:	"e3_district_door1_load"
$Type:		"ground"
$Pos:			<22.664333 32.434700 35.087650>
$Orient:		[-0.767945]
+Chunk:		"e3_chunk02"

$Navpoint:	"e3_district_door2_load"
$Type:		"ground"
$Pos:			<34.241913 32.426823 45.684731>
$Orient:		[-0.802852]
+Chunk:		"e3_chunk02"

$Navpoint:	"e3_district_door3_load"
$Type:		"ground"
$Pos:			<40.672295 32.434700 10.962862>
$Orient:		[-2.373648]
+Chunk:		"e3_chunk02"

$Navpoint:	"e3_district_door4_load"
$Type:		"ground"
$Pos:			<48.656963 32.434700 18.685162>
$Orient:		[0.767945]
+Chunk:		"e3_chunk02"

$Navpoint:	"e3_district_$parking003"
$Type:		"ground"
$Pos:			<-43.001495 13.593203 -262.042084>
$Orient:		[<-0.604143 0 0.796876> <0.000043 1 0.000033> <-0.796876 0.000054 -0.604143>]
+Chunk:		"e3_chunk02"

$Navpoint:	"e3_district_$parking004"
$Type:		"ground"
$Pos:			<-43.407852 13.593204 -255.898636>
$Orient:		[2.408824]
+Chunk:		"e3_chunk02"

$Navpoint:	"e3_district_$parking005"
$Type:		"ground"
$Pos:			<-54.764629 13.593203 -221.220062>
$Orient:		[<-0.580704 0 0.814115> <0.000001 1 0.000001> <-0.814115 0.000001 -0.580704>]
+Chunk:		"e3_chunk02"

$Navpoint:	"e3_district_$parking006"
$Type:		"ground"
$Pos:			<-57.417477 13.593197 -217.904861>
$Orient:		[<-0.587039 0 0.809559> <-0.000001 1 0> <-0.809559 -0.000001 -0.587039>]
+Chunk:		"e3_chunk02"

$Navpoint:	"e3_district_$parking007"
$Type:		"ground"
$Pos:			<-77.939133 13.593199 -190.230301>
$Orient:		[-2.235974]
+Chunk:		"e3_chunk02"

$Navpoint:	"e3_district_$parking008"
$Type:		"ground"
$Pos:			<-13.186243 17.527279 -179.053314>
$Orient:		[<0.768416 0 0.639951> <0.000009 1 -0.000011> <-0.639951 0.000014 0.768416>]
+Chunk:		"e3_chunk02"

$Navpoint:	"e3_district_$parking009"
$Type:		"ground"
$Pos:			<54.394135 16.199883 -286.941101>
$Orient:		[<0.599941 0 -0.800044> <-0.013870 0.999850 -0.010401> <0.799924 0.017337 0.599851>]
+Chunk:		"e3_chunk02"

$Navpoint:	"e3_district_$parking010"
$Type:		"ground"
$Pos:			<76.739540 16.502726 -315.093414>
$Orient:		[<0.624239 0 -0.781233> <-0.065227 0.996509 -0.052119> <0.778506 0.083492 0.622059>]
+Chunk:		"e3_chunk02"

$Navpoint:	"e3_district_$parking011"
$Type:		"ground"
$Pos:			<48.573139 17.648193 -98.178551>
$Orient:		[<0.663513 0 -0.748165> <-0.008286 0.999939 -0.007349> <0.748119 0.011076 0.663472>]
+Chunk:		"e3_chunk02"

$Navpoint:	"e3_district_$parking012"
$Type:		"ground"
$Pos:			<51.034912 17.643450 -101.362953>
$Orient:		[<0.665312 0 -0.746565> <-0.008281 0.999939 -0.007379> <0.746520 0.011091 0.665271>]
+Chunk:		"e3_chunk02"

$Navpoint:	"e3_district_$parking013"
$Type:		"ground"
$Pos:			<53.765892 17.644398 -104.220146>
$Orient:		[<0.676631 0 -0.736322> <-0.004898 0.999978 -0.004501> <0.736306 0.006652 0.676616>]
+Chunk:		"e3_chunk02"

$Navpoint:	"e3_district_$parking014"
$Type:		"ground"
$Pos:			<59.087429 17.654196 -110.077850>
$Orient:		[<0.672295 0 -0.740283> <0.000106 1 0.000097> <0.740283 -0.000144 0.672295>]
+Chunk:		"e3_chunk02"

$Navpoint:	"e3_district_$parking015"
$Type:		"ground"
$Pos:			<67.195648 17.637707 -118.927414>
$Orient:		[<0.687807 0 -0.725893> <-0.000177 1 -0.000168> <0.725893 0.000244 0.687807>]
+Chunk:		"e3_chunk02"

$Navpoint:	"e3_district_$parking016"
$Type:		"ground"
$Pos:			<21.304737 21.611380 -23.997499>
$Orient:		[<-0.812934 0 -0.582355> <0.003006 0.999987 -0.004196> <0.582348 -0.005161 -0.812923>]
+Chunk:		"e3_chunk02"

$Navpoint:	"e3_district_$parking017"
$Type:		"ground"
$Pos:			<2.393473 21.591709 -25.267914>
$Orient:		[<-0.582221 0 0.813031> <-0.000191 1 -0.000136> <-0.813031 -0.000234 -0.582221>]
+Chunk:		"e3_chunk02"

$Navpoint:	"e3_district_$parking018"
$Type:		"ground"
$Pos:			<-7.267448 21.889400 5.885068>
$Orient:		[<0.747201 0 -0.664598> <-0.010689 0.999871 -0.012017> <0.664512 0.016083 0.747105>]
+Chunk:		"e3_chunk02"

$Navpoint:	"e3_district_$parking019"
$Type:		"ground"
$Pos:			<-4.163660 21.792562 3.212281>
$Orient:		[<0.743591 0 -0.668635> <-0.008694 0.999915 -0.009669> <0.668578 0.013003 0.743528>]
+Chunk:		"e3_chunk02"

$Navpoint:	"e3_district_$parking020"
$Type:		"ground"
$Pos:			<45.720001 27.596209 68.386185>
$Orient:		[<0.768144 0 -0.640277> <-0.005537 0.999963 -0.006642> <0.640253 0.008647 0.768116>]
+Chunk:		"e3_chunk02"

$Navpoint:	"e3_district_$parking021"
$Type:		"ground"
$Pos:			<48.946136 27.569176 65.896805>
$Orient:		[<0.755996 0 -0.654576> <-0.004814 0.999973 -0.005560> <0.654558 0.007354 0.755976>]
+Chunk:		"e3_chunk02"

$Navpoint:	"e3_district_$parking022"
$Type:		"ground"
$Pos:			<58.376095 27.490114 58.614017>
$Orient:		[<0.784003 0 -0.620757> <-0.001855 0.999995 -0.002342> <0.620754 0.002988 0.784000>]
+Chunk:		"e3_chunk02"

$Navpoint:	"e3_district_$parking023"
$Type:		"ground"
$Pos:			<14.877884 27.148319 66.899757>
$Orient:		[<-0.624870 0 0.780729> <-0.015133 0.999812 -0.012112> <-0.780582 -0.019383 -0.624753>]
+Chunk:		"e3_chunk02"

$Navpoint:	"e3_district_$parking024"
$Type:		"ground"
$Pos:			<67.267624 27.433584 50.623016>
$Orient:		[<0.776045 0 -0.630678> <0.000018 1 0.000022> <0.630678 -0.000028 0.776045>]
+Chunk:		"e3_chunk02"

$Navpoint:	"e3_district_$parking025"
$Type:		"ground"
$Pos:			<73.404915 27.434164 45.679535>
$Orient:		[<0.784792 0 -0.619760> <-0.000063 1 -0.000079> <0.619760 0.000101 0.784791>]
+Chunk:		"e3_chunk02"

$Navpoint:	"e3_district_$parking026"
$Type:		"ground"
$Pos:			<146.038300 25.327475 -70.055099>
$Orient:		[<-0.106497 0 -0.994313> <-0.070690 0.997470 0.007571> <0.991797 0.071094 -0.106227>]
+Chunk:		"e3_chunk02"

$Navpoint:	"e3_district_$parking027"
$Type:		"ground"
$Pos:			<146.867386 25.345057 -66.146263>
$Orient:		[<-0.100588 0 -0.994928> <-0.055960 0.998417 0.005658> <0.993353 0.056246 -0.100429>]
+Chunk:		"e3_chunk02"

$Navpoint:	"e3_district_$parking028"
$Type:		"ground"
$Pos:			<147.270950 25.345915 -62.175827>
$Orient:		[<-0.102972 0 -0.994684> <-0.052471 0.998608 0.005432> <0.993299 0.052751 -0.102828>]
+Chunk:		"e3_chunk02"

$Navpoint:	"e3_district_$parking029"
$Type:		"ground"
$Pos:			<115.968124 25.353621 -15.123209>
$Orient:		[<0.730508 0 0.682904> <0.020680 0.999541 -0.022121> <-0.682591 0.030282 0.730173>]
+Chunk:		"e3_chunk02"

$Navpoint:	"e3_district_$parking030"
$Type:		"ground"
$Pos:			<139.235672 25.384861 -12.090364>
$Orient:		[<0.891208 0 -0.453595> <-0.018717 0.999148 -0.036774> <0.453209 0.041263 0.890449>]
+Chunk:		"e3_chunk02"

$Navpoint:	"e3_district_$parking031"
$Type:		"ground"
$Pos:			<146.340393 25.395950 -15.825798>
$Orient:		[<0.894929 0 -0.446209> <-0.018601 0.999131 -0.037306> <0.445821 0.041686 0.894151>]
+Chunk:		"e3_chunk02"

$Navpoint:	"e3_district_$parking032"
$Type:		"ground"
$Pos:			<149.955505 25.392071 -17.877987>
$Orient:		[<0.887203 0 -0.461379> <-0.013167 0.999593 -0.025318> <0.461191 0.028537 0.886842>]
+Chunk:		"e3_chunk02"

$Navpoint:	"e3_district_$parking033"
$Type:		"ground"
$Pos:			<6.558422 7.430027 -277.232544>
$Orient:		[<0.777038 0 0.629453> <0.001081 0.999999 -0.001335> <-0.629453 0.001718 0.777037>]
+Chunk:		"e3_chunk02"

$Navpoint:	"e3_district_$parking034"
$Type:		"ground"
$Pos:			<-195.605789 21.250443 26.807358>
$Orient:		[<0.999556 0 -0.029804> <-0.003462 0.993232 -0.116095> <0.029602 0.116147 0.992791>]
+Chunk:		"e3_chunk02"

$Navpoint:	"e3_district_$parking035"
$Type:		"ground"
$Pos:			<-186.885330 21.240669 26.451424>
$Orient:		[<0.999484 0 -0.032110> <-0.002443 0.997101 -0.076052> <0.032017 0.076092 0.996587>]
+Chunk:		"e3_chunk02"

$Navpoint:	"e3_district_$parking036"
$Type:		"ground"
$Pos:			<-182.585938 21.191542 26.102608>
$Orient:		[<0.999902 0 -0.014002> <-0.001275 0.995846 -0.091048> <0.013944 0.091057 0.995748>]
+Chunk:		"e3_chunk02"

$Navpoint:	"e3_district_$parking037"
$Type:		"ground"
$Pos:			<-155.620056 20.638714 32.316940>
$Orient:		[<-0.030429 0 -0.999537> <0.004272 0.999991 -0.000130> <0.999528 -0.004274 -0.030429>]
+Chunk:		"e3_chunk02"

$Navpoint:	"e3_district_$parking038"
$Type:		"ground"
$Pos:			<147.329742 25.333652 -58.275017>
$Orient:		[<-0.104045 0 -0.994573> <-0.047487 0.998860 0.004968> <0.993438 0.047746 -0.103926>]
+Chunk:		"e3_chunk02"

$Navpoint:	"e3_district_$nav000"
$Type:		"ground"
$Pos:			<36.405132 30.841000 20.740860>
$Orient:		[1.378810]
+Chunk:		"e3_chunk02"

$Navpoint:	"e3_district_$nav003"
$Type:		"ground"
$Pos:			<26.164286 30.641003 31.768307>
$Orient:		[0.349066]
+Chunk:		"e3_chunk02"

$Navpoint:	"e3_district_$parking039"
$Type:		"ground"
$Pos:			<-61.880043 13.593201 -211.480072>
$Orient:		[-2.212331]
+Chunk:		"e3_chunk02"

$Navpoint:	"e3_district_$parking040"
$Type:		"ground"
$Pos:			<-82.216255 21.960609 62.265659>
$Orient:		[<0.415489 0 -0.909598> <-0.004260 0.999989 -0.001946> <0.909589 0.004684 0.415484>]
+Chunk:		"e3_chunk02"

$Navpoint:	"e3_district_$parking041"
$Type:		"ground"
$Pos:			<-47.934372 13.593201 -255.776337>
$Orient:		[-2.191636]
+Chunk:		"e3_chunk02"

$Navpoint:	"e3_district_$stronghold005"
$Type:		"ground"
$Pos:			<5.788619 25.918522 41.057751>
$Orient:		[0.837758]
+Chunk:		"e3_chunk02"

$Navpoint:	"e3_district_$vehicle001"
$Type:		"ground"
$Pos:			<42.741600 27.496407 56.400421>
$Orient:		[-2.757619]
+Chunk:		"e3_chunk02"

$Navpoint:	"e3_district_flee_nav"
$Type:		"ground"
$Pos:			<-3.073777 25.421486 31.836731>
$Orient:		[-2.268929]
+Chunk:		"e3_chunk02"

// -------
#Cameras
// -------

// -------
#Items
// -------

// -------
#Triggers
// -------

$Trigger:				"e3_district_$stronghold000"
$Trigger type:			"sphere"
$Trigger action:		"stronghold"
$Trigger max fires:	1
$Trigger delay:		0
$Start nav:				"e3_district_$stronghold000"
$Sphere radius:		54.090347

$Trigger:				"e3_district_$downstairshallway"
$Trigger type:			"bounding box"
$Trigger action:		"stronghold"
$Trigger max fires:	1
$Trigger delay:		0
$Start nav:				"e3_district_$stronghold001"
+Disabled
$Box size:				-2.000000 0.000000 -0.250000 2.000000 3.000000 0.250000

$Trigger:				"e3_district_$topofstairs"
$Trigger type:			"bounding box"
$Trigger action:		"execute lua script"
$Trigger max fires:	1
$Trigger delay:		0
$Start nav:				"e3_district_$stronghold003"
+Disabled
$Box size:				-8.000000 0.000000 -3.500000 8.000000 3.000000 3.500000

$Trigger:				"e3_district_$lua_turnoffspawns"
$Trigger type:			"bounding box"
$Trigger action:		"execute lua script"
$Trigger max fires:	0
$Trigger delay:		10000
$Start nav:				"e3_district_$execute lua script000"
+Disabled
$Box size:				-1.001724 -0.000002 -0.277973 1.001720 1.999998 0.277969

$Trigger:				"e3_district_$lua_turnonspawns"
$Trigger type:			"bounding box"
$Trigger action:		"execute lua script"
$Trigger max fires:	0
$Trigger delay:		10000
$Start nav:				"e3_district_$execute lua script001"
+Disabled
$Box size:				-1.042057 0.000000 -0.213295 1.042057 2.000000 0.213295

$Trigger:				"e3_district_$upstairshallway"
$Trigger type:			"bounding box"
$Trigger action:		"stronghold"
$Trigger max fires:	1
$Trigger delay:		0
$Start nav:				"e3_district_$stronghold002"
+Disabled
$Box size:				-2.000000 0.000000 -0.250000 2.000000 3.000000 0.250000

$Trigger:				"e3_district_$bottomofstairs"
$Trigger type:			"bounding box"
$Trigger action:		"stronghold"
$Trigger max fires:	1
$Trigger delay:		0
$Start nav:				"e3_district_$stronghold004"
+Disabled
$Box size:				-5.000000 0.000000 -2.250000 5.000000 3.000000 2.250000

$Trigger:				"e3_district_shopping"
$Trigger type:			"bounding box"
$Trigger action:		"clothing store"
$Trigger max fires:	0
$Trigger delay:		0
$Start nav:				"e3_district_$clothing store000"
+UseActivated
+ShopName:	"Sloppy Seconds"
$Box size:				-0.698700 -0.003927 -0.605553 0.698700 2.000000 0.605553

$Trigger:				"e3_district_$store_greeting"
$Trigger type:			"bounding box"
$Trigger action:		"execute lua script"
$Trigger max fires:	1
$Trigger delay:		30000
$Start nav:				"e3_district_$execute lua script002"
$Box size:				-2.081078 -2.900000 -3.606292 2.081078 2.900000 3.606292

$Trigger:				"e3_district_door1_load"
$Trigger type:			"bounding box"
$Trigger action:		"execute lua script"
$Trigger max fires:	0
$Trigger delay:		10000
$Start nav:				"e3_district_door1_load"
$Box size:				-4.000000 0.000000 -2.230479 4.000000 5.000000 2.230479

$Trigger:				"e3_district_door2_load"
$Trigger type:			"bounding box"
$Trigger action:		"execute lua script"
$Trigger max fires:	0
$Trigger delay:		10000
$Start nav:				"e3_district_door2_load"
$Box size:				-3.356361 0.000000 -3.177471 3.356361 5.000000 3.177471

$Trigger:				"e3_district_door3_load"
$Trigger type:			"bounding box"
$Trigger action:		"execute lua script"
$Trigger max fires:	0
$Trigger delay:		10000
$Start nav:				"e3_district_door3_load"
$Box size:				-2.026985 0.000000 -0.283334 2.026985 2.000000 0.283334

$Trigger:				"e3_district_door4_load"
$Trigger type:			"bounding box"
$Trigger action:		"execute lua script"
$Trigger max fires:	0
$Trigger delay:		10000
$Start nav:				"e3_district_door4_load"
$Box size:				-1.975258 0.000004 -0.412439 1.975258 2.000000 0.412439

$Trigger:				"e3_district_$stronghold005"
$Trigger type:			"bounding box"
$Trigger action:		"stronghold"
$Trigger max fires:	1
$Trigger delay:		0
$Start nav:				"e3_district_$stronghold005"
+Disabled
$Box size:				-6.000000 0.000000 -1.329491 6.000000 4.000000 1.329491

// -------
#Vehicles
// -------

$Vehicle:		"e3_district_racecar"
$Vehicle type:	"car_2dr_muscle02"
$Start nav:		"e3_district_$vehicle000"
$Stream Distance:			50.000

$Vehicle:		"e3_district_car_4dr_brothel_low"
$Vehicle type:	"car_4dr_lowrider01"
$Start nav:		"e3_district_$vehicle001"
$Group:			"e3_district_$BrothelCar"
$Stream Distance:			50.000

// -------
#Respawns
// -------

$Respawn:		"e3_district_respawn000"
$Start nav:	"e3_district_$respawn000"
+Death
+Busted

// -------
#Humans
// -------

$Human:					"e3_district_Vllvl2_black#001"
$Char type:				"VK_X_M_Thug2-02"
$Start nav:				"e3_district_$nav004"
+Team:					"Vice Lords"
+Camp
+CantFlee
+Group:					"e3_district_$Entrance"

$Human:					"e3_district_Vllvl1_black#001"
$Char type:				"VK_X_M_Thug1-01"
$Start nav:				"e3_district_$nav005"
+Item:					"beretta"
+Team:					"Vice Lords"
+Camp
+CantFlee
+Group:					"e3_district_$Bigroom"

$Human:					"e3_district_Vllvl2_black#002"
$Char type:				"VK_X_M_Thug2-02"
$Start nav:				"e3_district_$nav006"
+Item:					"tec9"
+Team:					"Vice Lords"
+Camp
+CantFlee
+Group:					"e3_district_$Bigroom"

$Human:					"e3_district_Vllvl1_white#001"
$Char type:				"VK_X_M_Thug1-02"
$Start nav:				"e3_district_$nav007"
+Item:					"baseball_bat"
+Team:					"Vice Lords"
+Blitz
+CantFlee
+Group:					"e3_district_$Bigroom"

$Human:					"e3_district_Vllvl1test02#001"
$Char type:				"VK_X_M_Killa1-02"
$Start nav:				"e3_district_$nav008"
+Item:					"tec9"
+Item:					"grenade"
+Team:					"Vice Lords"
+Camp
+CantFlee
+Group:					"e3_district_$Bigroom"

$Human:					"e3_district_Vllvl3_black#000"
$Char type:				"VK_X_M_Killa1-02"
$Start nav:				"e3_district_$nav009"
+Item:					"ak47"
+Item:					"grenade"
+Team:					"Vice Lords"
+Camp
+CantFlee
+Group:					"e3_district_$Bigroom"

$Human:					"e3_district_Vllvl1_black#002"
$Char type:				"VK_X_M_Thug1-01"
$Start nav:				"e3_district_$nav010"
+Item:					"pump_action_shotgun"
+Team:					"Vice Lords"
+Camp
+CantFlee
+Group:					"e3_district_$Bigroom"

$Human:					"e3_district_brothel_juror00"
$Char type:				"PD_X_M_HighIncome"
$Start nav:				"e3_district_brothel_juror00"
+Deaf
+Group:					"e3_district_bedroom_behind"

$Human:					"e3_district_brothel_juror01"
$Char type:				"PD_X_M_HighIncome"
$Start nav:				"e3_district_brothel_juror01"
+Deaf
+Group:					"e3_district_bedroom_BJ"

$Human:					"e3_district_brothel_juror02"
$Char type:				"pd_x_f_genericyoung-01"
$Start nav:				"e3_district_brothel_juror02"
+Deaf
+Group:					"e3_district_bedroom_girls"

$Human:					"e3_district_brothel_juror03"
$Char type:				"PD_X_M_MiddleAge-02"
$Start nav:				"e3_district_brothel_juror03"
+Deaf
+Immaterial
+Group:					"e3_district_bedroom_sleep"
+Variant:					"black"

$Human:					"e3_district_brothel_ho00"
$Char type:				"Stripper-White"
$Start nav:				"e3_district_$n_002"
+Deaf
+Immaterial
+Group:					"e3_district_bedroom_sleep"

$Human:					"e3_district_brothel_ho01"
$Char type:				"Stripper-White"
$Start nav:				"e3_district_$n_003"
+Deaf
+Group:					"e3_district_bedroom_girls"

$Human:					"e3_district_brothel_ho02"
$Char type:				"Stripper-Black"
$Start nav:				"e3_district_$n_004"
+Deaf
+Group:					"e3_district_bedroom_behind"

$Human:					"e3_district_brothel_ho03"
$Char type:				"Stripper-Black"
$Start nav:				"e3_district_$n_005"
+Deaf
+Group:					"e3_district_bedroom_BJ"

$Human:					"e3_district_Vllvl2_black#000"
$Char type:				"VK_X_M_Thug2-02"
$Start nav:				"e3_district_$nav011"
+Item:					"tec9"
+Team:					"Vice Lords"
+Camp
+CantFlee
+Group:					"e3_district_$Up[stairs"

$Human:					"e3_district_Vllvl1_black#000"
$Char type:				"VK_X_M_Thug1-01"
$Start nav:				"e3_district_$nav012"
+Item:					"beretta"
+Team:					"Vice Lords"
+CantFlee
+Group:					"e3_district_$Up[stairs"

$Human:					"e3_district_Vllvl1_black#003"
$Char type:				"VK_X_M_Thug1-01"
$Start nav:				"e3_district_$nav013"
+Item:					"pump_action_shotgun"
+Team:					"Vice Lords"
+Blitz
+CantFlee
+Group:					"e3_district_$backhallway"

$Human:					"e3_district_Vllvl2_black#003"
$Char type:				"VK_X_M_Thug2-02"
$Start nav:				"e3_district_$nav014"
+Item:					"desert eagle"
+Team:					"Vice Lords"
+Camp
+CantFlee
+Group:					"e3_district_$backhallway"

$Human:					"e3_district_Vllvl1_black#004"
$Char type:				"VK_X_M_Thug1-01"
$Start nav:				"e3_district_$nav015"
+Item:					"baseball_bat"
+Team:					"Vice Lords"
+CantFlee
+Group:					"e3_district_$Entrance"

$Human:					"e3_district_Vllvl1_white#000"
$Char type:				"VK_X_M_Thug1-02"
$Start nav:				"e3_district_$nav016"
+Item:					"beretta"
+Team:					"Vice Lords"
+CantFlee
+Group:					"e3_district_$Entrance"

$Human:					"e3_district_Vllvl3_black#001"
$Char type:				"VK_X_M_Killa1-02"
$Start nav:				"e3_district_$nav017"
+Item:					"desert eagle"
+Team:					"Vice Lords"
+CantFlee
+Group:					"e3_district_$Entrance"

$Human:					"e3_district_Vllvl3_black#002"
$Char type:				"VK_X_M_Killa1-02"
$Start nav:				"e3_district_$nav018"
+Item:					"ak47"
+Team:					"Vice Lords"
+CantFlee
+Group:					"e3_district_$Up[stairs"

$Human:					"e3_district_Vllvl1_white#002"
$Char type:				"VK_X_M_Thug1-02"
$Start nav:				"e3_district_$nav019"
+Item:					"ak47"
+Team:					"Vice Lords"
+Camp
+CantFlee
+Group:					"e3_district_$Up[stairs"

$Human:					"e3_district_Ped_male6#000"
$Char type:				"PD_X_F_MiddleAge-01"
$Start nav:				"e3_district_$nav002"
+Variant:					"black"

$Human:					"e3_district_Stripper-black#000"
$Char type:				"Stripper-Black"
$Start nav:				"e3_district_$nav000"
+Group:					"e3_district_flee_strippers"

$Human:					"e3_district_Stripper-white#000"
$Char type:				"Stripper-White"
$Start nav:				"e3_district_$nav003"
+Group:					"e3_district_flee_strippers"

// -------
#Shopkeeper
// -------

$Shopkeeper:	"e3_district_Ped_male6#000"
$Type:			"clothing"
$CashOnHand:	0 0
$EndShopkeeper

// -------
#Spawn NPC Regions
// -------

$Spawn Name:	"e3_district_spawn_npc000"
$Navpoint:	"e3_district_$spawn_npc000"
$Minimum:	<-750 -10 -1250>
$Maximum:	<500 -10 500>
$Category:	"E3 Level"
$TIME:	"Day"
+Ped:	30
+Car:	12
$TIME:	"Night"
+Ped:	15
+Car:	12

// -------
#Racing
// -------

// -------
#Strongholds
// -------

$Stronghold:			"e3_district__brothel"
$Primary:				"e3_district_$stronghold000" "e3_district_$Entrance"
+Secondary:				"e3_district_$downstairshallway" "e3_district_$Bigroom"
+Secondary:				"e3_district_$upstairshallway" "e3_district_$Up[stairs"
+Secondary:				"e3_district_$bottomofstairs" "e3_district_$backhallway"
+Secondary:				"e3_district_$stronghold005" "e3_district_$BrothelCar"
$Team:					"Vice Lords"
+Max defender types:	5

// -------
#Parking
// -------

$Parking:			"e3_district_$parking041"
$Dimensions:		5.72 2.50
$Spawn Chance:		100

$Parking:			"e3_district_$parking039"
$Dimensions:		5.32 2.50
$Spawn Chance:		100

$Parking:			"e3_district_$parking008"
$Dimensions:		5.29 2.50
$Spawn Chance:		100

$Parking:			"e3_district_$parking010"
$Dimensions:		4.98 2.50
