// -------
#Groups
// -------


// -------
#Navpoints
// -------

$Navpoint:	"parking_a$parking095"
$Type:		"ground"
$Pos:			<490.377228 12.310374 -1408.523193>
$Orient:		[<0.984426 0 -0.175802> <0 1 -0.000002> <0.175802 0.000002 0.984426>]
+Chunk:		"sr_chunk39"

$Navpoint:	"parking_a$parking096"
$Type:		"ground"
$Pos:			<455.232330 12.310334 -1421.204956>
$Orient:		[<-0.982079 0 0.188469> <-0.000001 1 -0.000005> <-0.188468 -0.000005 -0.982079>]
+Chunk:		"sr_chunk30"

$Navpoint:	"parking_a$parking000"
$Type:		"ground"
$Pos:			<403.307037 12.310354 -1411.617920>
$Orient:		[-2.970343]
+Chunk:		"sr_chunk30"

$Navpoint:	"parking_a$parking001"
$Type:		"ground"
$Pos:			<408.195160 14.892038 -1510.592896>
$Orient:		[<-0.977106 0 0.212752> <0.005334 0.999686 0.024496> <-0.212685 0.025070 -0.976799>]
+Chunk:		"sr_chunk30"

$Navpoint:	"parking_a$parking002"
$Type:		"ground"
$Pos:			<488.241302 16.959990 -1532.260864>
$Orient:		[<-0.158323 0 -0.987387> <-0.031808 0.999481 0.005100> <0.986875 0.032214 -0.158241>]
+Chunk:		"sr_chunk39"

$Navpoint:	"parking_a$parking003"
$Type:		"ground"
$Pos:			<581.013367 18.383568 -1539.458618>
$Orient:		[<0.991154 0 -0.132716> <-0.001685 0.999920 -0.012582> <0.132705 0.012694 0.991074>]
+Chunk:		"sr_chunk39"

$Navpoint:	"parking_a$parking004"
$Type:		"ground"
$Pos:			<527.021851 17.711615 -1603.365967>
$Orient:		[<-0.146824 0 -0.989163> <-0.009150 0.999957 0.001358> <0.989120 0.009251 -0.146818>]
+Chunk:		"sr_chunk39"

$Navpoint:	"parking_a$parking005"
$Type:		"ground"
$Pos:			<441.108124 17.652607 -1617.648071>
$Orient:		[<0.057804 0 0.998328> <-0.004392 0.999990 0.000254> <-0.998318 -0.004399 0.057804>]
+Chunk:		"sr_chunk39"

$Navpoint:	"parking_a$parking006"
$Type:		"ground"
$Pos:			<380.831604 17.219315 -1602.328003>
$Orient:		[<0.573648 0 -0.819102> <-0.000107 1 -0.000075> <0.819102 0.000131 0.573648>]
+Chunk:		"sr_chunk30b"

$Navpoint:	"parking_a$parking007"
$Type:		"ground"
$Pos:			<490.804565 17.825554 -1617.658203>
$Orient:		[<-0.082193 0 -0.996616> <0.001941 0.999998 -0.000160> <0.996615 -0.001948 -0.082193>]
+Chunk:		"sr_chunk39"

$Navpoint:	"parking_a$parking008"
$Type:		"ground"
$Pos:			<349.472076 12.444553 -1442.078491>
$Orient:		[<0.192734 0 0.981251> <0.000300 1 -0.000059> <-0.981251 0.000306 0.192734>]
+Chunk:		"sr_chunk30"

$Navpoint:	"parking_a$parking009"
$Type:		"ground"
$Pos:			<535.418396 21.563946 -1706.707153>
$Orient:		[<-0.285803 0 -0.958288> <-0.007279 0.999971 0.002171> <0.958261 0.007596 -0.285795>]
+Chunk:		"sr_chunk39"

$Navpoint:	"parking_a$parking010"
$Type:		"ground"
$Pos:			<538.176270 22.399609 -1792.997314>
$Orient:		[<0.383351 0 0.923603> <0.000225 1 -0.000093> <-0.923603 0.000243 0.383351>]
+Chunk:		"sr_chunk39"

$Navpoint:	"parking_a$parking011"
$Type:		"ground"
$Pos:			<350.644135 22.329464 -1822.672852>
$Orient:		[<-0.390493 0 -0.920606> <0.000001 1 0> <0.920606 -0.000001 -0.390493>]
+Chunk:		"sr_chunk40"

$Navpoint:	"parking_a$parking012"
$Type:		"ground"
$Pos:			<396.998260 23.752859 -1947.416138>
$Orient:		[<-0.760241 0 -0.649641> <-0.011576 0.999841 0.013547> <0.649538 0.017819 -0.760121>]
+Chunk:		"sr_chunk40"

$Navpoint:	"parking_a$parking013"
$Type:		"ground"
$Pos:			<395.759674 23.754631 -1948.875366>
$Orient:		[<-0.762472 0 -0.647021> <-0.034357 0.998589 0.040488> <0.646109 0.053101 -0.761396>]
+Chunk:		"sr_chunk40"

$Navpoint:	"parking_a$parking014"
$Type:		"ground"
$Pos:			<327.449432 27.722179 -2028.382446>
$Orient:		[<-0.443102 0 0.896471> <0.009784 0.999941 0.004836> <-0.896418 0.010913 -0.443076>]
+Chunk:		"sr_chunk40"

$Navpoint:	"parking_a$parking015"
$Type:		"ground"
$Pos:			<299.407501 23.137756 -1843.675659>
$Orient:		[<0.378926 0 0.925427> <0.103283 0.993752 -0.042290> <-0.919645 0.111605 0.376559>]
+Chunk:		"sr_chunk40"

$Navpoint:	"parking_a$parking016"
$Type:		"ground"
$Pos:			<226.840836 19.055870 -1796.487427>
$Orient:		[<0.385966 0 0.922513> <0.039486 0.999084 -0.016520> <-0.921668 0.042803 0.385612>]
+Chunk:		"sr_chunk40"

$Navpoint:	"parking_a$parking017"
$Type:		"ground"
$Pos:			<332.402313 16.802788 -1594.512695>
$Orient:		[<-0.398835 0 0.917023> <0.041098 0.998995 0.017874> <-0.916101 0.044816 -0.398434>]
+Chunk:		"sr_chunk30b"

$Navpoint:	"parking_a$parking018"
$Type:		"ground"
$Pos:			<150.255310 21.332552 -1565.060425>
$Orient:		[<0.999992 0 -0.003943> <0 1 0.000001> <0.003943 -0.000001 0.999992>]
+Chunk:		"sr_chunk30b"

$Navpoint:	"parking_a$parking019"
$Type:		"ground"
$Pos:			<118.526512 24.687408 -1681.002319>
$Orient:		[<-0.221136 0 0.975243> <0.026835 0.999621 0.006085> <-0.974874 0.027516 -0.221052>]
+Chunk:		"sr_chunk30b"

$Navpoint:	"parking_a$parking020"
$Type:		"ground"
$Pos:			<118.797928 24.677794 -1680.884033>
$Orient:		[<0.052612 0 0.998615> <0.026676 0.999643 -0.001405> <-0.998259 0.026713 0.052593>]
+Chunk:		"sr_chunk30b"

$Navpoint:	"parking_a$parking021"
$Type:		"ground"
$Pos:			<165.026352 17.926792 -1550.238647>
$Orient:		[<0.032852 0 0.999460> <0.032348 0.999476 -0.001063> <-0.998937 0.032365 0.032835>]
+Chunk:		"sr_chunk30b"

$Navpoint:	"parking_a$parking022"
$Type:		"ground"
$Pos:			<-13.400337 21.493322 -1300.488892>
$Orient:		[<0.491413 0 0.870927> <0.006564 0.999972 -0.003704> <-0.870902 0.007537 0.491399>]
+Chunk:		"sr_chunk31"

$Navpoint:	"parking_a$parking023"
$Type:		"ground"
$Pos:			<-96.032135 20.896957 -1249.404541>
$Orient:		[<0.985405 0 -0.170228> <0.001664 0.999952 0.009633> <0.170220 -0.009775 0.985358>]
+Chunk:		"sr_chunk31"

$Navpoint:	"parking_a$parking024"
$Type:		"ground"
$Pos:			<-123.542244 20.634647 -1246.593262>
$Orient:		[<0.834871 0 0.550446> <0.004055 0.999973 -0.006150> <-0.550431 0.007366 0.834848>]
+Chunk:		"sr_chunk31"

$Navpoint:	"parking_a$parking025"
$Type:		"ground"
$Pos:			<-225.972641 26.452406 -1315.894043>
$Orient:		[<-0.015321 0 0.999883> <-0.014272 0.999898 -0.000219> <-0.999781 -0.014274 -0.015320>]
+Chunk:		"sr_chunk37"

$Navpoint:	"parking_a$parking026"
$Type:		"ground"
$Pos:			<-325.339905 29.838354 -1583.338623>
$Orient:		[<0.028818 0 0.999585> <-0.007420 0.999972 0.000214> <-0.999557 -0.007423 0.028817>]
+Chunk:		"sr_chunk37b"

$Navpoint:	"parking_a$parking027"
$Type:		"ground"
$Pos:			<262.063416 14.536217 -1509.929199>
$Orient:		[<0.119207 0 -0.992869> <0.055722 0.998424 0.006690> <0.991305 -0.056122 0.119020>]
+Chunk:		"sr_chunk30b"

$Navpoint:	"parking_a$parking028"
$Type:		"ground"
$Pos:			<193.447861 17.656647 -1642.017578>
$Orient:		[<-0.910209 0 -0.414149> <-0.017364 0.999121 0.038162> <0.413785 0.041926 -0.909409>]
+Chunk:		"sr_chunk30b"

$Navpoint:	"parking_a$parking029"
$Type:		"ground"
$Pos:			<26.126720 28.622772 -1684.916992>
$Orient:		[<0.005134 0 -0.999987> <0.000001 1 0> <0.999987 -0.000001 0.005134>]
+Chunk:		"sr_chunk37b"

$Navpoint:	"parking_a$parking030"
$Type:		"ground"
$Pos:			<3.538338 28.622772 -1694.412720>
$Orient:		[-1.601850]
+Chunk:		"sr_chunk37b"

$Navpoint:	"parking_a$parking031"
$Type:		"ground"
$Pos:			<-121.438622 30.576189 -1697.341553>
$Orient:		[<-0.010516 0 0.999945> <0.000001 1 0> <-0.999945 0.000001 -0.010516>]
+Chunk:		"sr_chunk37b"

$Navpoint:	"parking_a$parking032"
$Type:		"ground"
$Pos:			<-121.854828 30.576189 -1711.893433>
$Orient:		[-1.571870]
+Chunk:		"sr_chunk37b"

$Navpoint:	"parking_a$parking033"
$Type:		"ground"
$Pos:			<-65.896133 30.576183 -1691.710205>
$Orient:		[1.592066]
+Chunk:		"sr_chunk37b"

$Navpoint:	"parking_a$parking034"
$Type:		"ground"
$Pos:			<-97.030693 36.224258 -1685.629761>
$Orient:		[-0.005378]
+Chunk:		"sr_chunk37b"

$Navpoint:	"parking_a$parking035"
$Type:		"ground"
$Pos:			<-114.231590 36.224255 -1732.594116>
$Orient:		[-3.107168]
+Chunk:		"sr_chunk37b"

$Navpoint:	"parking_a$parking036"
$Type:		"ground"
$Pos:			<-64.747307 54.259880 -1692.045898>
$Orient:		[1.527661]
+Chunk:		"sr_chunk37b"

$Navpoint:	"parking_a$parking037"
$Type:		"ground"
$Pos:			<-186.526703 28.568245 -1861.778564>
$Orient:		[<-0.377622 0 0.925960> <-0.000002 1 -0.000001> <-0.925960 -0.000002 -0.377622>]
+Chunk:		"sr_chunk38"

$Navpoint:	"parking_a$parking038"
$Type:		"ground"
$Pos:			<-163.813477 28.568251 -1862.803955>
$Orient:		[1.234198]
+Chunk:		"sr_chunk38"

$Navpoint:	"parking_a$parking039"
$Type:		"ground"
$Pos:			<-419.817566 32.474655 -1687.963745>
$Orient:		[<-0.001008 0 -1> <0.023299 0.999729 -0.000023> <0.999728 -0.023299 -0.001008>]
+Chunk:		"sr_chunk38"

$Navpoint:	"parking_a$parking040"
$Type:		"ground"
$Pos:			<-419.621429 32.455635 -1700.110352>
$Orient:		[<0.004966 0 -0.999988> <0.007526 0.999972 0.000037> <0.999959 -0.007526 0.004966>]
+Chunk:		"sr_chunk38"

$Navpoint:	"parking_a$parking041"
$Type:		"ground"
$Pos:			<-375.730408 31.915693 -1724.094849>
$Orient:		[<0.999956 0 0.009424> <0 1 -0.000001> <-0.009424 0.000001 0.999956>]
+Chunk:		"sr_chunk38"

$Navpoint:	"parking_a$parking042"
$Type:		"ground"
$Pos:			<-341.848480 31.915674 -1724.053589>
$Orient:		[-0.031057]
+Chunk:		"sr_chunk38"

$Navpoint:	"parking_a$parking043"
$Type:		"ground"
$Pos:			<-48.102066 28.622774 -1737.779663>
$Orient:		[-1.056095]
+Chunk:		"sr_chunk38"

$Navpoint:	"parking_a$parking044"
$Type:		"ground"
$Pos:			<-28.164341 28.622774 -1744.538574>
$Orient:		[2.105582]
+Chunk:		"sr_chunk38"

$Navpoint:	"parking_a$parking045"
$Type:		"ground"
$Pos:			<-861.682617 23.782490 -1684.019897>
$Orient:		[<0.699451 0 0.714680> <-0.002415 0.999994 0.002363> <-0.714676 -0.003379 0.699447>]
+Chunk:		"sr_chunk36"

$Navpoint:	"parking_a$parking046"
$Type:		"ground"
$Pos:			<-884.749878 23.766502 -1720.227783>
$Orient:		[<-0.872621 0 -0.488398> <-0.012375 0.999679 0.022111> <0.488241 0.025339 -0.872341>]
+Chunk:		"sr_chunk36"

$Navpoint:	"parking_a$parking047"
$Type:		"ground"
$Pos:			<-933.518188 23.553270 -1693.805054>
$Orient:		[<0.808402 0 -0.588631> <-0.000333 1 -0.000457> <0.588631 0.000565 0.808402>]
+Chunk:		"sr_chunk36"

$Navpoint:	"parking_a$parking048"
$Type:		"ground"
$Pos:			<-919.872620 23.560938 -1703.205933>
$Orient:		[<0.847074 0 -0.531476> <0.001400 0.999997 0.002231> <0.531474 -0.002634 0.847071>]
+Chunk:		"sr_chunk36"

$Navpoint:	"parking_a$parking049"
$Type:		"ground"
$Pos:			<-900.641602 23.638367 -1728.993408>
$Orient:		[<-0.862535 0 -0.505997> <-0.001477 0.999996 0.002518> <0.505995 0.002919 -0.862532>]
+Chunk:		"sr_chunk36"

$Navpoint:	"parking_a$parking050"
$Type:		"ground"
$Pos:			<-931.257446 23.558064 -1728.329468>
$Orient:		[<-0.951238 0 0.308458> <-0.000811 0.999997 -0.002501> <-0.308457 -0.002630 -0.951235>]
+Chunk:		"sr_chunk36"

$Navpoint:	"parking_a$parking051"
$Type:		"ground"
$Pos:			<-1035.491699 21.398766 -1259.755249>
$Orient:		[-1.592069]
+Chunk:		"sr_chunk34"

$Navpoint:	"parking_a$parking052"
$Type:		"ground"
$Pos:			<-975.352661 21.398764 -1269.573120>
$Orient:		[-0.562620]
+Chunk:		"sr_chunk34"

$Navpoint:	"parking_a$parking053"
$Type:		"ground"
$Pos:			<-977.887756 21.398760 -1341.894531>
$Orient:		[-2.123210]
+Chunk:		"sr_chunk34"

$Navpoint:	"parking_a$parking054"
$Type:		"ground"
$Pos:			<-967.189636 21.398760 -1358.772217>
$Orient:		[<-0.540768 0 0.841172> <-0.000001 1 -0.000001> <-0.841172 -0.000002 -0.540768>]
+Chunk:		"sr_chunk34"

$Navpoint:	"parking_a$parking055"
$Type:		"ground"
$Pos:			<-913.999146 21.398764 -1350.004517>
$Orient:		[2.552203]
+Chunk:		"sr_chunk34"

$Navpoint:	"parking_a$parking056"
$Type:		"ground"
$Pos:			<-856.640259 20.384483 -1259.790283>
$Orient:		[-2.170842]
+Chunk:		"sr_chunk34"

$Navpoint:	"parking_a$parking057"
$Type:		"ground"
$Pos:			<-837.255737 20.414478 -1251.477661>
$Orient:		[<0.530026 0 -0.847981> <-0.006538 0.999970 -0.004086> <0.847956 0.007710 0.530010>]
+Chunk:		"sr_chunk34"

$Navpoint:	"parking_a$parking058"
$Type:		"ground"
$Pos:			<-841.874878 20.376429 -1238.716309>
$Orient:		[<-0.552673 0 0.833398> <-0.009626 0.999933 -0.006384> <-0.833343 -0.011551 -0.552636>]
+Chunk:		"sr_chunk34"

$Navpoint:	"parking_a$parking059"
$Type:		"ground"
$Pos:			<-755.038147 23.209885 -1252.347168>
$Orient:		[<-0.025562 0 -0.999673> <-0.000092 1 0.000002> <0.999673 0.000092 -0.025562>]
+Chunk:		"sr_chunk35"

$Navpoint:	"parking_a$parking060"
$Type:		"ground"
$Pos:			<-752.157227 23.210827 -1261.783081>
$Orient:		[<-0.040059 0 0.999197> <-0.000094 1 -0.000004> <-0.999197 -0.000094 -0.040059>]
+Chunk:		"sr_chunk35"

$Navpoint:	"parking_a$parking061"
$Type:		"ground"
$Pos:			<-659.105774 26.855886 -1340.642822>
$Orient:		[0.018726]
+Chunk:		"sr_chunk35"

$Navpoint:	"parking_a$parking062"
$Type:		"ground"
$Pos:			<-675.173767 26.855886 -1341.177856>
$Orient:		[-0.045500]
+Chunk:		"sr_chunk35"

$Navpoint:	"parking_a$parking063"
$Type:		"ground"
$Pos:			<-633.768433 26.857342 -1437.169800>
$Orient:		[<-0.999846 0 -0.017544> <0.000001 1 -0.000037> <0.017544 -0.000037 -0.999846>]
+Chunk:		"sr_chunk35"

$Navpoint:	"parking_a$parking064"
$Type:		"ground"
$Pos:			<-664.190979 26.857653 -1408.952148>
$Orient:		[<-0.012652 0 0.999920> <0.000102 1 0.000001> <-0.999920 0.000102 -0.012652>]
+Chunk:		"sr_chunk35"

$Navpoint:	"parking_a$parking065"
$Type:		"ground"
$Pos:			<-1262.242188 -3.155529 -1281.271240>
$Orient:		[<0.446246 0 0.894910> <0.004478 0.999988 -0.002233> <-0.894899 0.005003 0.446240>]
+Chunk:		"sr_chunk34"

$Navpoint:	"parking_a$parking066"
$Type:		"ground"
$Pos:			<-645.905762 23.241663 -1269.623047>
$Orient:		[<-0.999892 0 -0.014712> <-0.000002 1 0.000134> <0.014712 0.000134 -0.999892>]
+Chunk:		"sr_chunk35"

$Navpoint:	"parking_a$parking067"
$Type:		"ground"
$Pos:			<-639.380371 23.217035 -1218.741089>
$Orient:		[<0.999918 0 -0.012825> <0 1 0.000031> <0.012825 -0.000031 0.999918>]
+Chunk:		"sr_chunk35"

$Navpoint:	"parking_a$parking068"
$Type:		"ground"
$Pos:			<-630.045715 23.217354 -1215.589111>
$Orient:		[<-0.999906 0 -0.013743> <-0.000001 1 0.000039> <0.013743 0.000039 -0.999906>]
+Chunk:		"sr_chunk35"

$Navpoint:	"parking_a$parking069"
$Type:		"ground"
$Pos:			<-636.842285 23.242245 -1272.751587>
$Orient:		[<0.999947 0 -0.010274> <0.000001 1 0.000125> <0.010274 -0.000125 0.999947>]
+Chunk:		"sr_chunk35"

$Navpoint:	"parking_a$parking070"
$Type:		"ground"
$Pos:			<-1108.809326 15.606899 -1126.331787>
$Orient:		[2.243344]
+Chunk:		"sr_chunk33"

$Navpoint:	"parking_a$parking071"
$Type:		"ground"
$Pos:			<-1146.188110 15.592880 -1111.506958>
$Orient:		[-0.482131]
+Chunk:		"sr_chunk33"

$Navpoint:	"parking_a$parking072"
$Type:		"ground"
$Pos:			<-1148.266724 15.592882 -1137.471313>
$Orient:		[<0.998963 0 -0.045519> <0 1 -0.000001> <0.045519 0.000001 0.998963>]
+Chunk:		"sr_chunk33"

$Navpoint:	"parking_a$parking073"
$Type:		"ground"
$Pos:			<-1199.769653 5.490971 -1138.852661>
$Orient:		[<-0.881939 0 0.471364> <-0.089020 0.982005 -0.166560> <-0.462882 -0.188856 -0.866068>]
+Chunk:		"sr_chunk33"

$Navpoint:	"parking_a$parking074"
$Type:		"ground"
$Pos:			<-1053.237915 14.728056 -969.562622>
$Orient:		[<0.435602 0 0.900139> <-0.034353 0.999272 0.016624> <-0.899484 -0.038164 0.435285>]
+Chunk:		"sr_chunk33"

$Navpoint:	"parking_a$parking075"
$Type:		"ground"
$Pos:			<-986.086365 14.554693 -1014.976501>
$Orient:		[<0.169919 0 -0.985458> <0.008663 0.999961 0.001494> <0.985420 -0.008791 0.169912>]
+Chunk:		"sr_chunk33"

$Navpoint:	"parking_a$parking076"
$Type:		"ground"
$Pos:			<-343.035339 18.571350 -1110.876343>
$Orient:		[<-0.999975 0 -0.007076> <-0.000013 0.999998 0.001874> <0.007076 0.001874 -0.999973>]
+Chunk:		"sr_chunk31"

$Navpoint:	"parking_a$parking077"
$Type:		"ground"
$Pos:			<-328.704895 18.573425 -1111.453369>
$Orient:		[<-0.999911 0 0.013335> <0.000007 1 0.000556> <-0.013335 0.000556 -0.999911>]
+Chunk:		"sr_chunk31"

$Navpoint:	"parking_a$parking078"
$Type:		"ground"
$Pos:			<-16.722878 18.307011 -1163.887085>
$Orient:		[<0.562201 0 -0.827000> <-0.040509 0.998800 -0.027539> <0.826008 0.048983 0.561527>]
+Chunk:		"sr_chunk31"

$Navpoint:	"parking_a$parking079"
$Type:		"ground"
$Pos:			<60.750195 18.668949 -1237.738892>
$Orient:		[-2.578095]
+Chunk:		"sr_chunk31"

$Navpoint:	"parking_a$parking080"
$Type:		"ground"
$Pos:			<67.670959 18.668947 -1174.998291>
$Orient:		[0.541979]
+Chunk:		"sr_chunk31"

$Navpoint:	"parking_a$parking081"
$Type:		"ground"
$Pos:			<49.022675 18.668947 -1199.778076>
$Orient:		[0.517591]
+Chunk:		"sr_chunk31"

$Navpoint:	"parking_a$parking082"
$Type:		"ground"
$Pos:			<276.429291 10.439699 -1386.308228>
$Orient:		[-2.896573]
+Chunk:		"sr_chunk30"

$Navpoint:	"parking_a$parking083"
$Type:		"ground"
$Pos:			<264.666504 10.356671 -1347.403931>
$Orient:		[<0.999553 0 -0.029903> <0.000187 0.999981 0.006241> <0.029903 -0.006243 0.999533>]
+Chunk:		"sr_chunk30"

$Navpoint:	"parking_a$parking084"
$Type:		"ground"
$Pos:			<344.414429 5.749046 -1334.275635>
$Orient:		[<-0.315138 0 -0.949046> <0.004261 0.999990 -0.001415> <0.949036 -0.004490 -0.315134>]
+Chunk:		"sr_chunk30"

$Navpoint:	"parking_a$parking085"
$Type:		"ground"
$Pos:			<-74.343735 18.299658 -1074.840576>
$Orient:		[0.976511]
+Chunk:		"sr_chunk31"

$Navpoint:	"parking_a$parking086"
$Type:		"ground"
$Pos:			<-108.967178 18.315193 -1066.052979>
$Orient:		[<-0.381482 0 0.924376> <0.000909 1 0.000375> <-0.924376 0.000984 -0.381482>]
+Chunk:		"sr_chunk31"

$Navpoint:	"parking_a$parking087"
$Type:		"ground"
$Pos:			<-112.583954 18.312237 -1057.447998>
$Orient:		[<-0.389590 0 0.920989> <0.001312 0.999999 0.000555> <-0.920988 0.001425 -0.389589>]
+Chunk:		"sr_chunk31"

$Navpoint:	"parking_a$parking088"
$Type:		"ground"
$Pos:			<-296.867096 13.115709 -828.408020>
$Orient:		[<0.431549 0 0.902090> <0.018848 0.999782 -0.009017> <-0.901893 0.020894 0.431454>]
+Chunk:		"sr_chunk31"

$Navpoint:	"parking_a$parking089"
$Type:		"ground"
$Pos:			<-292.548401 13.122406 -820.157837>
$Orient:		[<0.456629 0 0.889657> <0.014121 0.999874 -0.007248> <-0.889545 0.015872 0.456572>]
+Chunk:		"sr_chunk31"

$Navpoint:	"parking_a$parking090"
$Type:		"ground"
$Pos:			<-539.464355 14.772638 -759.601257>
$Orient:		[<-0.000713 0 1> <0.000122 1 0> <-1 0.000122 -0.000713>]
+Chunk:		"sr_chunk32"

$Navpoint:	"parking_a$parking091"
$Type:		"ground"
$Pos:			<-511.589508 14.733856 -767.111816>
$Orient:		[<0.030118 0 -0.999546> <0.000796 1 0.000024> <0.999546 -0.000797 0.030118>]
+Chunk:		"sr_chunk32"

$Navpoint:	"parking_a$parking092"
$Type:		"ground"
$Pos:			<-989.858337 14.977701 -1007.187805>
$Orient:		[<0.193350 0 -0.981130> <0.002202 0.999997 0.000434> <0.981127 -0.002244 0.193350>]
+Chunk:		"sr_chunk33"

$Navpoint:	"parking_a$parking093"
$Type:		"ground"
$Pos:			<-996.140320 15.129753 -991.897583>
$Orient:		[<0.172707 0 -0.984973> <0.018386 0.999826 0.003224> <0.984802 -0.018667 0.172677>]
+Chunk:		"sr_chunk33"

$Navpoint:	"parking_a$parking094"
$Type:		"ground"
$Pos:			<-994.758057 15.141247 -995.851013>
$Orient:		[<0.172067 0 -0.985085> <0.006805 0.999976 0.001189> <0.985062 -0.006908 0.172063>]
+Chunk:		"sr_chunk33"

$Navpoint:	"parking_b$parking000"
$Type:		"ground"
$Pos:			<702.116821 -3.841485 -616.017151>
$Orient:		[<0.935975 0 -0.352068> <-0.000111 1 -0.000295> <0.352068 0.000316 0.935974>]
+Chunk:		"sr_chunk09"

$Navpoint:	"parking_b$parking001"
$Type:		"ground"
$Pos:			<709.130432 -3.849291 -643.454468>
$Orient:		[<-0.923288 0 0.384109> <-0.000149 1 -0.000357> <-0.384108 -0.000387 -0.923288>]
+Chunk:		"sr_chunk09"

$Navpoint:	"parking_b$parking002"
$Type:		"ground"
$Pos:			<715.702026 -3.828850 -578.373779>
$Orient:		[<0.948735 0 -0.316072> <-0.000096 1 -0.000287> <0.316072 0.000303 0.948735>]
+Chunk:		"sr_chunk09"

$Navpoint:	"parking_b$parking003"
$Type:		"ground"
$Pos:			<669.452881 -3.840082 -589.747437>
$Orient:		[<0.938838 0 -0.344359> <-0.000097 1 -0.000265> <0.344359 0.000282 0.938838>]
+Chunk:		"sr_chunk09"

$Navpoint:	"parking_b$parking004"
$Type:		"ground"
$Pos:			<665.009644 -3.846624 -612.546082>
$Orient:		[<-0.934744 0 0.355323> <-0.000123 1 -0.000324> <-0.355323 -0.000346 -0.934744>]
+Chunk:		"sr_chunk09"

$Navpoint:	"parking_b$parking005"
$Type:		"ground"
$Pos:			<639.031311 -3.849052 -602.480957>
$Orient:		[<-0.935336 0 0.353762> <-0.000065 1 -0.000172> <-0.353762 -0.000184 -0.935335>]
+Chunk:		"sr_chunk09"

$Navpoint:	"parking_b$parking006"
$Type:		"ground"
$Pos:			<658.726013 -3.843811 -507.202850>
$Orient:		[<0.945777 0 -0.324816> <-0.000006 1 -0.000018> <0.324816 0.000019 0.945777>]
+Chunk:		"sr_chunk09"

$Navpoint:	"parking_b$parking007"
$Type:		"ground"
$Pos:			<634.776062 -4.000004 -384.747040>
$Orient:		[1.891229]
+Chunk:		"sr_chunk09"

$Navpoint:	"parking_b$parking008"
$Type:		"ground"
$Pos:			<603.194763 -3.969439 -374.445862>
$Orient:		[<0.185322 0 0.982678> <0.004265 0.999991 -0.000804> <-0.982669 0.004340 0.185320>]
+Chunk:		"sr_chunk07b"

$Navpoint:	"parking_b$parking009"
$Type:		"ground"
$Pos:			<595.313721 -4.039310 -408.347839>
$Orient:		[<0.159684 0 0.987168> <0.004313 0.999990 -0.000698> <-0.987159 0.004369 0.159682>]
+Chunk:		"sr_chunk07b"

$Navpoint:	"parking_b$parking010"
$Type:		"ground"
$Pos:			<575.900024 -4.000013 -483.521454>
$Orient:		[<0.235371 0 0.971906> <-0.000002 1 0> <-0.971906 -0.000002 0.235371>]
+Chunk:		"sr_chunk07b"

$Navpoint:	"parking_b$parking011"
$Type:		"ground"
$Pos:			<534.129761 -3.999199 -460.914246>
$Orient:		[<0.231727 0 0.972781> <0.004430 0.999990 -0.001055> <-0.972771 0.004554 0.231725>]
+Chunk:		"sr_chunk07b"

$Navpoint:	"parking_b$parking012"
$Type:		"ground"
$Pos:			<722.016418 -3.829639 -350.727722>
$Orient:		[<-0.944842 0 0.327528> <-0.000320 1 -0.000923> <-0.327528 -0.000977 -0.944841>]
+Chunk:		"sr_chunk09"

$Navpoint:	"parking_b$parking013"
$Type:		"ground"
$Pos:			<819.307800 -3.828304 -336.555511>
$Orient:		[<-0.950659 0 0.310239> <-0.000011 1 -0.000033> <-0.310239 -0.000035 -0.950659>]
+Chunk:		"sr_chunk09"

$Navpoint:	"parking_b$parking014"
$Type:		"ground"
$Pos:			<817.261108 -3.949945 -205.337814>
$Orient:		[<0.026493 0 0.999649> <-0.000001 1 0> <-0.999649 -0.000001 0.026493>]
+Chunk:		"sr_chunk09"

$Navpoint:	"parking_b$parking015"
$Type:		"ground"
$Pos:			<811.417480 -3.949942 -183.002686>
$Orient:		[<0.015507 0 -0.999880> <0.000001 1 0> <0.999880 -0.000001 0.015507>]
+Chunk:		"sr_chunk09"

$Navpoint:	"parking_b$parking016"
$Type:		"ground"
$Pos:			<731.957458 -3.869694 -169.588242>
$Orient:		[<0.999894 0 0.014573> <0.000177 0.999927 -0.012126> <-0.014572 0.012127 0.999820>]
+Chunk:		"sr_chunk09"

$Navpoint:	"parking_b$parking017"
$Type:		"ground"
$Pos:			<702.312805 -3.949941 -190.574295>
$Orient:		[-1.588028]
+Chunk:		"sr_chunk09"

$Navpoint:	"parking_b$parking018"
$Type:		"ground"
$Pos:			<701.663879 -3.949940 -222.621613>
$Orient:		[-1.577927]
+Chunk:		"sr_chunk09"

$Navpoint:	"parking_b$parking019"
$Type:		"ground"
$Pos:			<619.215088 -4.000007 -255.852859>
$Orient:		[-1.566131]
+Chunk:		"sr_chunk09"

$Navpoint:	"parking_b$parking020"
$Type:		"ground"
$Pos:			<648.505127 -4.000007 -238.677567>
$Orient:		[1.567970]
+Chunk:		"sr_chunk09"

$Navpoint:	"parking_b$parking021"
$Type:		"ground"
$Pos:			<612.586914 -4.000004 -143.390442>
$Orient:		[-1.569783]
+Chunk:		"sr_chunk09"

$Navpoint:	"parking_b$parking022"
$Type:		"ground"
$Pos:			<685.086121 -4.000006 -50.873249>
$Orient:		[-1.633215]
+Chunk:		"sr_chunk09"

$Navpoint:	"parking_b$parking023"
$Type:		"ground"
$Pos:			<673.236023 -4.000004 -26.939379>
$Orient:		[-1.591051]
+Chunk:		"sr_chunk10"

$Navpoint:	"parking_b$parking024"
$Type:		"ground"
$Pos:			<685.033691 -4.000004 -22.787973>
$Orient:		[<-0.012810 0 0.999918> <-0.000001 1 0> <-0.999918 -0.000001 -0.012810>]
+Chunk:		"sr_chunk10"

$Navpoint:	"parking_b$parking025"
$Type:		"ground"
$Pos:			<707.032532 -4.000004 11.640978>
$Orient:		[1.642365]
+Chunk:		"sr_chunk10"

$Navpoint:	"parking_b$parking026"
$Type:		"ground"
$Pos:			<682.980225 -4.000008 48.862728>
$Orient:		[<0.999993 0 0.003864> <0 1 0.000001> <-0.003864 -0.000001 0.999993>]
+Chunk:		"sr_chunk10"

$Navpoint:	"parking_b$parking027"
$Type:		"ground"
$Pos:			<639.767883 -4.000001 56.067722>
$Orient:		[3.124341]
+Chunk:		"sr_chunk10"

$Navpoint:	"parking_b$parking028"
$Type:		"ground"
$Pos:			<480.569153 -4.000095 -438.575592>
$Orient:		[0.024761]
+Chunk:		"sr_chunk07b"

$Navpoint:	"parking_c$parking000"
$Type:		"ground"
$Pos:			<9.391453 -3.999998 -291.619598>
$Orient:		[<-0.637183 0 0.770713> <0.000001 1 0> <-0.770713 0.000001 -0.637183>]
+Chunk:		"sr_chunk07"

$Navpoint:	"parking_c$parking001"
$Type:		"ground"
$Pos:			<28.459932 -3.999996 -314.701172>
$Orient:		[-2.265831]
+Chunk:		"sr_chunk07"

$Navpoint:	"parking_c$parking002"
$Type:		"ground"
$Pos:			<71.540245 -3.999994 -309.043243>
$Orient:		[<0.618575 0 -0.785726> <-0.000001 1 -0.000001> <0.785726 0.000001 0.618575>]
+Chunk:		"sr_chunk07"

$Navpoint:	"parking_c$parking003"
$Type:		"ground"
$Pos:			<220.772247 -4.000085 -218.128281>
$Orient:		[1.911623]
+Chunk:		"sr_chunk07"

$Navpoint:	"parking_c$parking004"
$Type:		"ground"
$Pos:			<181.236588 -4 -108.141106>
$Orient:		[1.723120]
+Chunk:		"sr_chunk07"

$Navpoint:	"parking_c$parking005"
$Type:		"ground"
$Pos:			<145.322067 -4.000001 -73.520950>
$Orient:		[1.592024]
+Chunk:		"sr_chunk07"

$Navpoint:	"parking_c$parking006"
$Type:		"ground"
$Pos:			<146.404205 -4 -61.947670>
$Orient:		[1.673489]
+Chunk:		"sr_chunk07"

$Navpoint:	"parking_c$parking007"
$Type:		"ground"
$Pos:			<123.782295 -3.999998 -36.515800>
$Orient:		[<0.746750 0 0.665105> <0 1 -0.000001> <-0.665105 0.000001 0.746750>]
+Chunk:		"sr_chunk07"

$Navpoint:	"parking_c$parking008"
$Type:		"ground"
$Pos:			<100.444237 -4.000001 45.007111>
$Orient:		[<-0.556555 0 -0.830811> <0.000001 1 0> <0.830811 -0.000001 -0.556555>]
+Chunk:		"sr_chunk08"

$Navpoint:	"parking_c$parking009"
$Type:		"ground"
$Pos:			<42.975388 -3.999999 76.753944>
$Orient:		[2.158508]
+Chunk:		"sr_chunk06"

$Navpoint:	"parking_c$parking010"
$Type:		"ground"
$Pos:			<113.373367 -3.996815 96.836601>
$Orient:		[<-0.596203 0 -0.802834> <-0.000651 1 0.000483> <0.802833 0.000811 -0.596203>]
+Chunk:		"sr_chunk08"

$Navpoint:	"parking_c$parking011"
$Type:		"ground"
$Pos:			<-2.154365 -4.000002 -18.613014>
$Orient:		[-2.181282]
+Chunk:		"sr_chunk06"

$Navpoint:	"parking_c$parking012"
$Type:		"ground"
$Pos:			<59.175034 -4 -110.978416>
$Orient:		[0.768932]
+Chunk:		"sr_chunk07"

$Navpoint:	"parking_c$parking013"
$Type:		"ground"
$Pos:			<-73.480659 -4 -194.413773>
$Orient:		[-2.220905]
+Chunk:		"sr_chunk06"

$Navpoint:	"parking_c$parking014"
$Type:		"ground"
$Pos:			<-66.758965 -4.000002 -204.123184>
$Orient:		[-2.255437]
+Chunk:		"sr_chunk06"

$Navpoint:	"parking_c$parking015"
$Type:		"ground"
$Pos:			<-57.790791 -4 -216.418732>
$Orient:		[-2.207724]
+Chunk:		"sr_chunk06"

$Navpoint:	"parking_c$parking016"
$Type:		"ground"
$Pos:			<-9.245648 -4 -203.340256>
$Orient:		[0.848346]
+Chunk:		"sr_chunk06"

$Navpoint:	"parking_c$parking017"
$Type:		"ground"
$Pos:			<-1.259151 -4 -168.881882>
$Orient:		[-0.689486]
+Chunk:		"sr_chunk06"

$Navpoint:	"parking_c$parking018"
$Type:		"ground"
$Pos:			<-45.892788 -4.000002 127.554596>
$Orient:		[-0.589433]
+Chunk:		"sr_chunk06"

$Navpoint:	"parking_c$parking019"
$Type:		"ground"
$Pos:			<-85.359093 -4 83.470787>
$Orient:		[2.673067]
+Chunk:		"sr_chunk06"

$Navpoint:	"parking_c$parking020"
$Type:		"ground"
$Pos:			<-84.056320 -3.999998 67.573029>
$Orient:		[1.163110]
+Chunk:		"sr_chunk06"

$Navpoint:	"parking_c$parking021"
$Type:		"ground"
$Pos:			<-181.647583 -3.999998 26.032175>
$Orient:		[0.033936]
+Chunk:		"sr_chunk06"

$Navpoint:	"parking_c$parking022"
$Type:		"ground"
$Pos:			<-153.509781 -4.000002 80.956993>
$Orient:		[1.585514]
+Chunk:		"sr_chunk06"

$Navpoint:	"parking_c$parking023"
$Type:		"ground"
$Pos:			<-205.801620 -4.000004 56.754883>
$Orient:		[<-0.026269 0 -0.999655> <0.000001 1 0> <0.999655 -0.000001 -0.026269>]
+Chunk:		"sr_chunk06"

$Navpoint:	"parking_c$parking024"
$Type:		"ground"
$Pos:			<-176.108948 -4.000001 -34.524368>
$Orient:		[<0.841088 0 0.540898> <0 1 0.000001> <-0.540898 -0.000001 0.841088>]
+Chunk:		"sr_chunk06"

$Navpoint:	"parking_c$parking025"
$Type:		"ground"
$Pos:			<228.337219 -4.000098 133.669785>
$Orient:		[-1.619300]
+Chunk:		"sr_chunk08"

$Navpoint:	"parking_c$parking026"
$Type:		"ground"
$Pos:			<-234.366806 -4 132.666580>
$Orient:		[-1.626225]
+Chunk:		"sr_chunk06"

$Navpoint:	"parking_c$parking027"
$Type:		"ground"
$Pos:			<-234.753845 -3.999998 140.614166>
$Orient:		[<-0.085126 0 0.996370> <0.000001 1 0> <-0.996370 0.000001 -0.085126>]
+Chunk:		"sr_chunk06"

$Navpoint:	"parking_c$parking028"
$Type:		"ground"
$Pos:			<-197.056702 -3.999998 131.410858>
$Orient:		[1.450873]
+Chunk:		"sr_chunk06"

$Navpoint:	"parking_c$parking029"
$Type:		"ground"
$Pos:			<-206.031448 -3.999998 44.676422>
$Orient:		[<-0.034892 0 -0.999391> <-0.000001 1 0> <0.999391 0.000001 -0.034892>]
+Chunk:		"sr_chunk06"

$Navpoint:	"parking_c$parking030"
$Type:		"ground"
$Pos:			<-308.519226 -2.345760 33.690956>
$Orient:		[<-0.011283 0 0.999936> <-0.000001 1 0> <-0.999936 -0.000001 -0.011283>]
+Chunk:		"sr_chunk04"

$Navpoint:	"parking_c$parking031"
$Type:		"ground"
$Pos:			<-298.360138 -4.000002 127.271835>
$Orient:		[-3.135799]
+Chunk:		"sr_chunk04"

$Navpoint:	"parking_c$parking032"
$Type:		"ground"
$Pos:			<-294.753082 -4.000002 127.257874>
$Orient:		[<-0.999803 0 -0.019834> <0 1 -0.000001> <0.019834 -0.000001 -0.999803>]
+Chunk:		"sr_chunk04"

$Navpoint:	"parking_c$parking033"
$Type:		"ground"
$Pos:			<-654.209778 -4.000001 71.194717>
$Orient:		[-1.038852]
+Chunk:		"sr_chunk02"

$Navpoint:	"parking_c$parking034"
$Type:		"ground"
$Pos:			<-646.975159 -4.000002 94.149353>
$Orient:		[2.114089]
+Chunk:		"sr_chunk02"

$Navpoint:	"parking_c$parking035"
$Type:		"ground"
$Pos:			<-691.541687 -3.999988 59.834904>
$Orient:		[<0.873221 0 -0.487324> <0 1 0.000001> <0.487324 -0.000001 0.873221>]
+Chunk:		"sr_chunk02"

$Navpoint:	"parking_c$parking036"
$Type:		"ground"
$Pos:			<-734.699219 -4.000002 -84.566673>
$Orient:		[2.333535]
+Chunk:		"sr_chunk04b"

$Navpoint:	"parking_c$parking037"
$Type:		"ground"
$Pos:			<-732.811523 -4 -59.389526>
$Orient:		[-0.796862]
+Chunk:		"sr_chunk04b"

$Navpoint:	"parking_c$parking038"
$Type:		"ground"
$Pos:			<-636.969543 -3.999998 -228.662170>
$Orient:		[-3.140874]
+Chunk:		"sr_chunk04b"

$Navpoint:	"parking_c$parking039"
$Type:		"ground"
$Pos:			<-651.132996 -4.000006 -228.383865>
$Orient:		[<-0.999679 0 0.025340> <0 1 -0.000002> <-0.025340 -0.000002 -0.999679>]
+Chunk:		"sr_chunk04b"

$Navpoint:	"parking_c$parking040"
$Type:		"ground"
$Pos:			<-808.701965 -4 -226.144867>
$Orient:		[0.386584]
+Chunk:		"sr_chunk04b"

$Navpoint:	"parking_c$parking041"
$Type:		"ground"
$Pos:			<-799.114136 -4 -232.063690>
$Orient:		[0.335541]
+Chunk:		"sr_chunk04b"

$Navpoint:	"parking_c$parking042"
$Type:		"ground"
$Pos:			<-758.551270 -4.004654 -152.647308>
$Orient:		[1.556286]
+Chunk:		"sr_chunk04b"

$Navpoint:	"parking_c$parking043"
$Type:		"ground"
$Pos:			<-765.344482 -4.004650 -135.059296>
$Orient:		[<0.645825 0 0.763485> <0.000001 1 -0.000001> <-0.763485 0.000001 0.645825>]
+Chunk:		"sr_chunk04b"

$Navpoint:	"parking_c$parking044"
$Type:		"ground"
$Pos:			<-694.372192 -4.000002 -241.272781>
$Orient:		[0.361165]
+Chunk:		"sr_chunk04b"

$Navpoint:	"parking_c$parking045"
$Type:		"ground"
$Pos:			<-576.163330 -5.559721 -143.332535>
$Orient:		[<-0.470117 0 -0.882604> <-0.006170 0.999976 0.003286> <0.882583 0.006991 -0.470105>]
+Chunk:		"sr_chunk04b"

$Navpoint:	"parking_c$parking046"
$Type:		"ground"
$Pos:			<-475.688904 -2.993122 -81.851242>
$Orient:		[<-0.691848 0 0.722043> <-0.000015 1 -0.000014> <-0.722043 -0.000020 -0.691848>]
+Chunk:		"sr_chunk04"

$Navpoint:	"parking_c$parking047"
$Type:		"ground"
$Pos:			<-1000.691895 -3.733803 -148.731567>
$Orient:		[<0.805056 0 -0.593198> <-0.028648 0.998833 -0.038880> <0.592506 0.048294 0.804117>]
+Chunk:		"sr_chunk01"

$Navpoint:	"parking_c$parking048"
$Type:		"ground"
$Pos:			<-1021.858276 -3.599899 -133.581009>
$Orient:		[<0.836800 0 -0.547509> <-0.037322 0.997674 -0.057042> <0.546236 0.068166 0.834853>]
+Chunk:		"sr_chunk01"

$Navpoint:	"parking_c$parking049"
$Type:		"ground"
$Pos:			<-1032 -4 -207.214325>
$Orient:		[-2.587762]
+Chunk:		"sr_chunk01"

$Navpoint:	"parking_c$parking050"
$Type:		"ground"
$Pos:			<-999.467285 -4.000001 297.856232>
$Orient:		[-2.047777]
+Chunk:		"sr_chunk03"

$Navpoint:	"parking_c$parking051"
$Type:		"ground"
$Pos:			<-1004.772888 -4.000002 307.105591>
$Orient:		[-2.051047]
+Chunk:		"sr_chunk03"

$Navpoint:	"parking_c$parking052"
$Type:		"ground"
$Pos:			<-977.658997 -4.000002 238.534164>
$Orient:		[-2.301294]
+Chunk:		"sr_chunk03"

$Navpoint:	"parking_c$parking053"
$Type:		"ground"
$Pos:			<-954.638306 -4.000004 226.862839>
$Orient:		[<-0.999287 0 0.037743> <0 1 -0.000001> <-0.037743 -0.000001 -0.999287>]
+Chunk:		"sr_chunk03"

$Navpoint:	"parking_c$parking054"
$Type:		"ground"
$Pos:			<-925.867249 -4.000005 225.552460>
$Orient:		[-3.082141]
+Chunk:		"sr_chunk03"

$Navpoint:	"parking_c$parking055"
$Type:		"ground"
$Pos:			<-909.578857 -4.000002 320.597504>
$Orient:		[1.984672]
+Chunk:		"sr_chunk03"

$Navpoint:	"parking_c$parking056"
$Type:		"ground"
$Pos:			<-907.401489 -4 316.151276>
$Orient:		[-1.194105]
+Chunk:		"sr_chunk03"

$Navpoint:	"parking_c$parking057"
$Type:		"ground"
$Pos:			<-913.585999 -4.000002 285.245209>
$Orient:		[-2.734495]
+Chunk:		"sr_chunk03"

$Navpoint:	"parking_c$parking058"
$Type:		"ground"
$Pos:			<-913.453735 -4.000003 285.431488>
$Orient:		[-2.746064]
+Chunk:		"sr_chunk03"

$Navpoint:	"parking_c$parking059"
$Type:		"ground"
$Pos:			<-874.434448 -3.991354 270.197174>
$Orient:		[<-0.927638 0 0.373480> <-0.001906 0.999987 -0.004734> <-0.373475 -0.005103 -0.927626>]
+Chunk:		"sr_chunk03"

$Navpoint:	"parking_c$parking060"
$Type:		"ground"
$Pos:			<-818.221680 -3.999144 267.256561>
$Orient:		[<-0.325986 0 -0.945374> <0.000937 0.999999 -0.000323> <0.945374 -0.000991 -0.325986>]
+Chunk:		"sr_chunk03"

$Navpoint:	"parking_c$parking061"
$Type:		"ground"
$Pos:			<-881.987915 -3.999999 183.478348>
$Orient:		[-2.736253]
+Chunk:		"sr_chunk02"

$Navpoint:	"parking_c$parking062"
$Type:		"ground"
$Pos:			<-887.731628 -3.999644 93.476105>
$Orient:		[<-0.000403 0 -1> <0.000258 1 0> <1 -0.000258 -0.000403>]
+Chunk:		"sr_chunk02"

$Navpoint:	"parking_c$parking063"
$Type:		"ground"
$Pos:			<-888.928955 -3.999561 104.714874>
$Orient:		[<-0.005238 0 -0.999986> <0.000077 1 0> <0.999986 -0.000077 -0.005238>]
+Chunk:		"sr_chunk02"

$Navpoint:	"parking_c$parking064"
$Type:		"ground"
$Pos:			<-880.405823 -4.003468 33.051346>
$Orient:		[<-0.974921 0 -0.222551> <0.000173 1 -0.000756> <0.222551 -0.000775 -0.974921>]
+Chunk:		"sr_chunk02"

$Navpoint:	"parking_c$parking065"
$Type:		"ground"
$Pos:			<-888.671692 -4.000002 -6.039960>
$Orient:		[<0.205190 0 -0.978722> <0.000001 1 0> <0.978722 -0.000001 0.205190>]
+Chunk:		"sr_chunk02"

$Navpoint:	"parking_c$parking066"
$Type:		"ground"
$Pos:			<-845.897095 -4 359.642181>
$Orient:		[-2.872191]
+Chunk:		"sr_chunk03"

$Navpoint:	"parking_c$parking067"
$Type:		"ground"
$Pos:			<-606.821350 -4 322.001434>
$Orient:		[1.568723]
+Chunk:		"sr_chunk03"

$Navpoint:	"parking_c$parking068"
$Type:		"ground"
$Pos:			<-625.388000 -4 313.818970>
$Orient:		[<-0.031519 0 0.999503> <0.000001 1 0> <-0.999503 0.000001 -0.031519>]
+Chunk:		"sr_chunk03"

$Navpoint:	"parking_c$parking069"
$Type:		"ground"
$Pos:			<-535.167236 -4.000004 310.729706>
$Orient:		[-0.039067]
+Chunk:		"sr_chunk05"

$Navpoint:	"parking_c$parking070"
$Type:		"ground"
$Pos:			<-507.165009 -4.000002 315.207520>
$Orient:		[<-0.069818 0 0.997560> <0.000001 1 0> <-0.997560 0.000001 -0.069818>]
+Chunk:		"sr_chunk05"

$Navpoint:	"parking_c$parking071"
$Type:		"ground"
$Pos:			<-483.840027 -4 330.421112>
$Orient:		[<-0.999954 0 0.009648> <0 1 0.000001> <-0.009648 0.000001 -0.999953>]
+Chunk:		"sr_chunk05"

$Navpoint:	"parking_c$parking072"
$Type:		"ground"
$Pos:			<-454.964905 -4.000004 308.549255>
$Orient:		[<0.999943 0 0.010694> <0 1 0.000001> <-0.010694 -0.000001 0.999943>]
+Chunk:		"sr_chunk05"

$Navpoint:	"parking_c$parking073"
$Type:		"ground"
$Pos:			<-248.832474 -4.000385 427.461823>
$Orient:		[3.120838]
+Chunk:		"sr_chunk05"

$Navpoint:	"parking_c$parking074"
$Type:		"ground"
$Pos:			<-230.205536 -4.000381 417.121033>
$Orient:		[1.604157]
+Chunk:		"sr_chunk05"

$Navpoint:	"parking_c$parking075"
$Type:		"ground"
$Pos:			<-230.346573 -4.000381 403.164520>
$Orient:		[1.546092]
+Chunk:		"sr_chunk05"

$Navpoint:	"parking_c$parking076"
$Type:		"ground"
$Pos:			<-201.049347 -4 403.178680>
$Orient:		[-1.557694]
+Chunk:		"sr_chunk05"

$Navpoint:	"parking_c$parking077"
$Type:		"ground"
$Pos:			<-230.642471 -4.000341 311.980682>
$Orient:		[<-0.024163 0 0.999708> <-0.000015 1 0> <-0.999708 -0.000015 -0.024163>]
+Chunk:		"sr_chunk05"

$Navpoint:	"parking_c$parking078"
$Type:		"ground"
$Pos:			<-69.296097 -4.000275 315.383636>
$Orient:		[<-0.016453 0 -0.999865> <-0.000003 1 0> <0.999865 0.000003 -0.016453>]
+Chunk:		"sr_chunk05"

$Navpoint:	"parking_c$parking079"
$Type:		"ground"
$Pos:			<0.444113 -4.001400 321.300659>
$Orient:		[<0.003128 0 -0.999995> <0.000157 1 0> <0.999995 -0.000157 0.003128>]
+Chunk:		"sr_chunk13"

$Navpoint:	"parking_c$parking080"
$Type:		"ground"
$Pos:			<-1.130261 -4.000025 363.864136>
$Orient:		[<-0.999595 0 -0.028471> <0.000003 1 -0.000091> <0.028471 -0.000091 -0.999595>]
+Chunk:		"sr_chunk13"

$Navpoint:	"parking_c$parking081"
$Type:		"ground"
$Pos:			<-44.153099 -4.021439 391.405518>
$Orient:		[<-0.029399 0 0.999568> <0.000029 1 0.000001> <-0.999568 0.000029 -0.029399>]
+Chunk:		"sr_chunk13"

$Navpoint:	"parking_c$parking082"
$Type:		"ground"
$Pos:			<10.617510 -4.000018 453.532196>
$Orient:		[-0.051923]
+Chunk:		"sr_chunk13"

$Navpoint:	"parking_c$parking083"
$Type:		"ground"
$Pos:			<39.917572 -4.000021 440.569672>
$Orient:		[1.568976]
+Chunk:		"sr_chunk13"

$Navpoint:	"parking_c$parking084"
$Type:		"ground"
$Pos:			<44.708408 -4.000023 431.545532>
$Orient:		[-1.571687]
+Chunk:		"sr_chunk13"

$Navpoint:	"parking_c$parking085"
$Type:		"ground"
$Pos:			<64.889664 -4.000013 424.297455>
$Orient:		[<0.039590 0 -0.999216> <-0.000001 1 0> <0.999216 0.000001 0.039590>]
+Chunk:		"sr_chunk13"

$Navpoint:	"parking_c$parking086"
$Type:		"ground"
$Pos:			<20.200724 -4.000021 479.546631>
$Orient:		[<-0.009389 0 0.999956> <0.000001 1 0> <-0.999956 0.000001 -0.009389>]
+Chunk:		"sr_chunk13"

$Navpoint:	"parking_c$parking087"
$Type:		"ground"
$Pos:			<23.842140 -4.000014 546.156372>
$Orient:		[1.565686]
+Chunk:		"sr_chunk13"

$Navpoint:	"parking_c$parking088"
$Type:		"ground"
$Pos:			<40.915558 -4.000015 551.026428>
$Orient:		[1.569118]
+Chunk:		"sr_chunk13"

$Navpoint:	"parking_c$parking089"
$Type:		"ground"
$Pos:			<40.923618 -4.000025 578.811157>
$Orient:		[1.539680]
+Chunk:		"sr_chunk13"

$Navpoint:	"parking_c$parking090"
$Type:		"ground"
$Pos:			<23.901730 -4.000027 582.127502>
$Orient:		[1.529544]
+Chunk:		"sr_chunk13"

$Navpoint:	"parking_c$parking091"
$Type:		"ground"
$Pos:			<0.609363 -3.726739 626.930115>
$Orient:		[-1.549660]
+Chunk:		"sr_chunk13"

$Navpoint:	"parking_c$parking092"
$Type:		"ground"
$Pos:			<55.449932 -3.726740 617.894104>
$Orient:		[-3.129570]
+Chunk:		"sr_chunk13"

$Navpoint:	"parking_c$parking093"
$Type:		"ground"
$Pos:			<60.052589 -3.726737 672.294800>
$Orient:		[-0.054351]
+Chunk:		"sr_chunk13"

$Navpoint:	"parking_c$parking094"
$Type:		"ground"
$Pos:			<43.107967 4.057354 617.920837>
$Orient:		[-3.124008]
+Chunk:		"sr_chunk13"

$Navpoint:	"parking_c$parking095"
$Type:		"ground"
$Pos:			<66.259476 4.057355 617.880737>
$Orient:		[3.131088]
+Chunk:		"sr_chunk13"

$Navpoint:	"parking_c$parking096"
$Type:		"ground"
$Pos:			<85.458847 4.057354 662.975403>
$Orient:		[1.596566]
+Chunk:		"sr_chunk13"

$Navpoint:	"parking_c$parking097"
$Type:		"ground"
$Pos:			<120.526649 -3.999925 659.539246>
$Orient:		[-1.586128]
+Chunk:		"sr_chunk13"

$Navpoint:	"parking_c$parking098"
$Type:		"ground"
$Pos:			<120.540581 -3.999922 651.275269>
$Orient:		[-1.599844]
+Chunk:		"sr_chunk13"

$Navpoint:	"parking_c$parking099"
$Type:		"ground"
$Pos:			<159.122452 -3.999923 632.537354>
$Orient:		[3.129191]
+Chunk:		"sr_chunk13"

$Navpoint:	"parking_c$parking100"
$Type:		"ground"
$Pos:			<186.967194 -4 586.925232>
$Orient:		[1.582121]
+Chunk:		"sr_chunk13"

